{
  "className": "composit",
  "size": [1700.0,300.0],
  "airfield": {
    "start": [750.0,0.0,0.0],
    "end": [-750.0,0.0,0.0],
    "width": 120.0,
    "spawn": [
      [710.0,0.0,39.5],
      [710.0,0.0,19.5],
      [710.0,0.0,-0.5],
      [710.0,0.0,-20.5],
      [710.0,0.0,-40.5],
      [690.0,0.0,39.5],
      [690.0,0.0,19.5],
      [690.0,0.0,-0.5],
      [690.0,0.0,-20.5],
      [690.0,0.0,-40.5],
      [670.0,0.0,39.5],
      [670.0,0.0,19.5],
      [670.0,0.0,-0.5],
      [670.0,0.0,-20.5],
      [670.0,0.0,-40.5],
      [650.0,0.0,19.5],
      [650.0,0.0,-0.5],
      [650.0,0.0,-20.5]
    ],
    "repairTags": {
      "type_attack_helicopter": false,
      "type_utility_helicopter": false
    }
  },
  "storage": {
    "start": [-400.0,0.0,-40.0],
    "end": [-650.0,0.0,-40.0],
    "width": 100.0
  },
  "parking": {
    "start": [-75.0,0.0,75.0],
    "end": [-265.0,0.0,75.0],
    "width": 100.0
  },
  "dwelling": {
    "start": [-80.0,0.0,-50.0],
    "end": [-290.0,0.0,-50.0],
    "width": 100.0
  },
  "node": [
    {
      "name": "^^dynaf_arctic_b_mesh",
      "tm": [
        [1.0,0.0,0.0],
        [0.0,1.0,0.0],
        [0.0,0.0,1.0],
        [0.0,0.0,0.0]
      ]
    },
    {
      "name": "bulge_tech_building_2_rendinst",
      "tm": [
        [1.0,0.0,0.0],
        [0.0,1.0,0.0],
        [0.0,0.0,1.0],
        [-678.15,0.01,-91.2]
      ]
    },
    {
      "name": "bulge_control_tower_1_rendinst",
      "tm": [
        [0.707107,0.0,-0.707107],
        [0.0,1.0,0.0],
        [0.707107,0.0,0.707107],
        [-701.0,0.01,-86.75]
      ]
    },
    {
      "name": "barrels_winter_rendinst",
      "tm": [
        [1.0,0.0,0.0],
        [0.0,1.0,0.0],
        [0.0,0.0,1.0],
        [-652.2,0.01,-88.95]
      ]
    },
    {
      "name": "universal_airfield_tent_m_snow",
      "tm": [
        [0.819152,0.0,0.573576],
        [0.0,1.0,0.0],
        [-0.573576,0.0,0.819152],
        [-717.05,0.01,-92.9]
      ]
    },
    {
      "name": "universal_airfield_sandbags_a_snow",
      "tm": [
        [4.56956e-08,0.0,-1.0],
        [0.0,1.0,0.0],
        [1.0,0.0,4.56956e-08],
        [-692.6,0.01,-87.116]
      ]
    },
    {
      "name": "universal_airfield_sandbags_a_snow",
      "tm": [
        [4.56956e-08,0.0,-1.0],
        [0.0,1.0,0.0],
        [1.0,0.0,4.56956e-08],
        [-663.55,0.01,-87.183]
      ]
    },
    {
      "name": "universal_airfield_sandbags_a_snow",
      "tm": [
        [4.56956e-08,0.0,-1.0],
        [0.0,1.0,0.0],
        [1.0,0.0,4.56956e-08],
        [-660.03,0.01,-87.183]
      ]
    },
    {
      "name": "universal_airfield_sandbags_a_snow",
      "tm": [
        [-0.703827,0.0,-0.710371],
        [0.0,1.0,0.0],
        [0.710371,0.0,-0.703827],
        [-696.0,0.01,-86.25]
      ]
    },
    {
      "name": "universal_airfield_sandbags_a_snow",
      "tm": [
        [-0.703827,0.0,-0.710371],
        [0.0,1.0,0.0],
        [0.710371,0.0,-0.703827],
        [-698.65,0.01,-83.75]
      ]
    },
    {
      "name": "universal_airfield_sandbags_a_snow",
      "tm": [
        [-0.703827,0.0,-0.710371],
        [0.0,1.0,0.0],
        [0.710371,0.0,-0.703827],
        [-701.3,0.01,-81.25]
      ]
    },
    {
      "name": "universal_airfield_sandbags_a_snow",
      "tm": [
        [-0.703827,0.0,-0.710371],
        [0.0,1.0,0.0],
        [0.710371,0.0,-0.703827],
        [-703.9,0.01,-78.6]
      ]
    },
    {
      "name": "universal_airfield_sandbags_a_snow",
      "tm": [
        [0.704336,0.0,-0.709867],
        [0.0,1.0,0.0],
        [0.709867,0.0,0.704336],
        [-706.65,0.01,-79.1]
      ]
    },
    {
      "name": "universal_airfield_sandbags_a_snow",
      "tm": [
        [0.704336,0.0,-0.709867],
        [0.0,1.0,0.0],
        [0.709867,0.0,0.704336],
        [-709.35,0.01,-81.75]
      ]
    },
    {
      "name": "bulge_tech_building_1_rendinst",
      "tm": [
        [1.0,0.0,-4.65661e-10],
        [0.0,1.0,0.0],
        [4.65661e-10,0.0,1.0],
        [-106.75,0.01,-88.3]
      ]
    },
    {
      "name": "modern_intermodal_container_a",
      "tm": [
        [0.826525,0.0,-0.5629],
        [0.0,1.0,0.0],
        [0.5629,0.0,0.826525],
        [-75.4082,0.01,-98.9079]
      ]
    },
    {
      "name": "modern_intermodal_container_a",
      "tm": [
        [0.984793,0.0,-0.173731],
        [0.0,1.0,0.0],
        [0.173731,0.0,0.984793],
        [-69.8682,0.01,-92.851]
      ]
    },
    {
      "name": "modern_intermodal_container_a",
      "tm": [
        [1.0,0.0,0.000447243],
        [0.0,1.0,0.0],
        [-0.000447243,0.0,1.0],
        [-73.5582,0.01,-91.2079]
      ]
    },
    {
      "name": "modern_intermodal_container_a",
      "tm": [
        [-0.994426,0.0,-0.10543],
        [0.0,1.0,0.0],
        [0.10543,0.0,-0.994426],
        [-67.5051,0.01,-66.7552]
      ]
    },
    {
      "name": "modern_intermodal_container_a",
      "tm": [
        [-0.997591,0.0,0.0693825],
        [0.0,1.0,0.0],
        [-0.0693825,0.0,-0.997591],
        [-71.6662,0.01,-77.952]
      ]
    },
    {
      "name": "modern_intermodal_container_a",
      "tm": [
        [-0.927135,0.0,0.374728],
        [0.0,1.0,0.0],
        [-0.374728,0.0,-0.927135],
        [-66.9627,0.01,-74.267]
      ]
    },
    {
      "name": "modern_intermodal_container_a",
      "tm": [
        [-0.999194,0.0,0.0401282],
        [0.0,1.0,0.0],
        [-0.0401282,0.0,-0.999194],
        [-87.5127,0.01,-89.2907]
      ]
    },
    {
      "name": "modern_intermodal_container_a",
      "tm": [
        [0.985576,0.0,0.169236],
        [0.0,1.0,0.0],
        [-0.169236,0.0,0.985576],
        [-80.5,0.01,-90.85]
      ]
    },
    {
      "name": "modern_intermodal_container_a",
      "tm": [
        [-0.985409,0.0,0.170206],
        [0.0,1.0,0.0],
        [-0.170206,0.0,-0.985409],
        [-124.239,0.01,-86.752]
      ]
    },
    {
      "name": "modern_intermodal_container_a",
      "tm": [
        [-0.999194,0.0,0.0401282],
        [0.0,1.0,0.0],
        [-0.0401282,0.0,-0.999194],
        [-128.523,0.01,-87.7321]
      ]
    },
    {
      "name": "modern_intermodal_container_a",
      "tm": [
        [-0.999194,0.0,0.0401282],
        [0.0,1.0,0.0],
        [-0.0401282,0.0,-0.999194],
        [-131.2,0.01,-87.6174]
      ]
    },
    {
      "name": "modern_intermodal_container_a",
      "tm": [
        [-0.999194,0.0,0.0401282],
        [0.0,1.0,0.0],
        [-0.0401282,0.0,-0.999194],
        [-134.282,0.01,-88.3328]
      ]
    },
    {
      "name": "modern_intermodal_container_a",
      "tm": [
        [0.0906356,0.0,-0.995884],
        [0.0,1.0,0.0],
        [0.995884,0.0,0.0906356],
        [-127.399,0.01,-93.0595]
      ]
    },
    {
      "name": "modern_intermodal_container_a",
      "tm": [
        [-0.350792,0.0,0.936454],
        [0.0,1.0,0.0],
        [-0.936454,0.0,-0.350792],
        [-69.15,0.01,-84.95]
      ]
    },
    {
      "name": "universal_airfield_tent_i_snow",
      "tm": [
        [0.723526,0.0,-0.690297],
        [0.0,1.0,0.0],
        [0.690297,0.0,0.723526],
        [93.6729,0.01,73.35]
      ],
      "place_type": 1
    },
    {
      "name": "bulge_tech_building_2_rendinst",
      "tm": [
        [-4.3714e-08,0.0,1.0],
        [0.0,1.0,0.0],
        [-1.0,0.0,-4.3714e-08],
        [64.8229,0.01,53.7]
      ]
    },
    {
      "name": "universal_airfield_tent_m_snow",
      "tm": [
        [1.0,0.0,-2.98023e-08],
        [0.0,1.0,0.0],
        [2.98023e-08,0.0,1.0],
        [120.173,0.01,67.4]
      ]
    },
    {
      "name": "universal_airfield_tent_m_snow",
      "tm": [
        [0.819152,0.0,0.573576],
        [0.0,1.0,0.0],
        [-0.573576,0.0,0.819152],
        [133.873,0.01,57.25]
      ]
    },
    {
      "name": "universal_airfield_barrels_group_a_snow",
      "tm": [
        [0.906308,0.0,0.422618],
        [0.0,1.0,0.0],
        [-0.422618,0.0,0.906308],
        [39.4229,0.01,46.8]
      ]
    },
    {
      "name": "bulge_tech_building_2_rendinst",
      "tm": [
        [-4.3714e-08,0.0,1.0],
        [0.0,1.0,0.0],
        [-1.0,0.0,-4.3714e-08],
        [48.6729,0.01,53.7]
      ]
    },
    {
      "name": "universal_airfield_tent_i_snow",
      "tm": [
        [0.990963,0.0,-0.134134],
        [0.0,1.0,0.0],
        [0.134134,0.0,0.990963],
        [109.323,0.01,82.7]
      ],
      "place_type": 1
    },
    {
      "name": "universal_airfield_tent_i_snow",
      "tm": [
        [0.861485,0.0,-0.507782],
        [0.0,1.0,0.0],
        [0.507782,0.0,0.861485],
        [100.467,0.01,90.4839]
      ],
      "place_type": 1
    },
    {
      "name": "universal_airfield_tent_i_snow",
      "tm": [
        [0.996848,0.0,0.0793344],
        [0.0,1.0,0.0],
        [-0.0793344,0.0,0.996848],
        [95.6729,0.01,82.05]
      ],
      "place_type": 1
    },
    {
      "name": "bulge_tech_building_1_rendinst",
      "tm": [
        [0.71934,0.0,-0.694658],
        [0.0,1.0,0.0],
        [0.694658,0.0,0.71934],
        [354.841,0.01,66.1337]
      ]
    },
    {
      "name": "bulge_hangar_2_rendinst",
      "tm": [
        [1.30385e-08,0.0,-1.0],
        [0.0,1.0,0.0],
        [1.0,0.0,1.30385e-08],
        [308.743,0.01,57.8005]
      ]
    },
    {
      "name": "bulge_hangar_2_rendinst",
      "tm": [
        [-1.0,0.0,3.1665e-08],
        [0.0,1.0,0.0],
        [-3.1665e-08,0.0,-1.0],
        [324.332,0.01,75.844]
      ]
    },
    {
      "name": "modern_intermodal_container_a",
      "tm": [
        [0.826525,0.0,-0.5629],
        [0.0,1.0,0.0],
        [0.5629,0.0,0.826525],
        [379.853,0.01,50.9921]
      ]
    },
    {
      "name": "modern_intermodal_container_a",
      "tm": [
        [0.826525,0.0,-0.5629],
        [0.0,1.0,0.0],
        [0.5629,0.0,0.826525],
        [376.979,0.01,53.3446]
      ]
    },
    {
      "name": "modern_intermodal_container_a",
      "tm": [
        [0.280663,0.0,0.959806],
        [0.0,1.0,0.0],
        [-0.959806,0.0,0.280663],
        [371.429,0.01,57.4946]
      ]
    },
    {
      "name": "modern_intermodal_container_a",
      "tm": [
        [0.0375714,0.0,-0.999294],
        [0.0,1.0,0.0],
        [0.999294,0.0,0.0375714],
        [298.316,0.01,78.033]
      ]
    },
    {
      "name": "modern_intermodal_container_a",
      "tm": [
        [-0.0403211,0.0,-0.999187],
        [0.0,1.0,0.0],
        [0.999187,0.0,-0.0403211],
        [298.166,0.01,74.283]
      ]
    },
    {
      "name": "modern_intermodal_container_a",
      "tm": [
        [0.0375714,0.0,-0.999294],
        [0.0,1.0,0.0],
        [0.999294,0.0,0.0375714],
        [298.96,0.01,70.9041]
      ]
    },
    {
      "name": "modern_intermodal_container_a",
      "tm": [
        [0.0375714,0.0,-0.999294],
        [0.0,1.0,0.0],
        [0.999294,0.0,0.0375714],
        [296.566,0.01,67.783]
      ]
    },
    {
      "name": "modern_intermodal_container_a",
      "tm": [
        [-0.192176,0.0,-0.98136],
        [0.0,1.0,0.0],
        [0.98136,0.0,-0.192176],
        [303.106,0.01,81.9327]
      ]
    },
    {
      "name": "barrels_winter_rendinst",
      "tm": [
        [-1.0,0.0,3.1665e-08],
        [0.0,1.0,0.0],
        [-3.1665e-08,0.0,-1.0],
        [298.913,0.01,55.1223]
      ]
    },
    {
      "name": "barrels_winter_rendinst",
      "tm": [
        [1.49012e-08,0.0,-1.0],
        [0.0,1.0,0.0],
        [1.0,0.0,1.49012e-08],
        [337.106,0.01,75.7355]
      ]
    },
    {
      "name": "modern_intermodal_container_a",
      "tm": [
        [0.367245,0.0,-0.930124],
        [0.0,1.0,0.0],
        [0.930124,0.0,0.367245],
        [389.503,0.01,55.9075]
      ]
    },
    {
      "name": "bulge_hangar_2_rendinst",
      "tm": [
        [1.0,0.0,0.0],
        [0.0,1.0,0.0],
        [0.0,0.0,1.0],
        [625.4,0.01,-48.35]
      ]
    },
    {
      "name": "universal_airfield_barrels_group_a_snow",
      "tm": [
        [-0.422618,0.0,-0.906308],
        [0.0,1.0,0.0],
        [0.906308,0.0,-0.422618],
        [726.3,0.01,-47.7]
      ]
    },
    {
      "name": "universal_airfield_barrels_group_b_snow",
      "tm": [
        [-0.999779,0.0,-0.021007],
        [0.0,1.0,0.0],
        [0.021007,0.0,-0.999779],
        [625.325,0.01,-40.4178]
      ]
    },
    {
      "name": "universal_airfield_shed_a_snow",
      "tm": [
        [-1.0,0.0,1.50996e-07],
        [0.0,1.0,0.0],
        [-1.50996e-07,0.0,-1.0],
        [731.893,0.01,-80.9594]
      ]
    },
    {
      "name": "universal_airfield_tent_m_snow",
      "tm": [
        [0.510749,0.0,0.85973],
        [0.0,1.0,0.0],
        [-0.85973,0.0,0.510749],
        [581.209,0.01,-58.9855]
      ]
    },
    {
      "name": "universal_airfield_tent_l_snow",
      "tm": [
        [1.0,0.0,0.0],
        [0.0,1.0,0.0],
        [0.0,0.0,1.0],
        [694.05,0.01,-91.85]
      ]
    },
    {
      "name": "universal_airfield_tent_d_snow",
      "tm": [
        [-0.173648,0.0,-0.984808],
        [0.0,1.0,0.0],
        [0.984808,0.0,-0.173648],
        [727.05,0.01,-59.6]
      ]
    },
    {
      "name": "universal_airfield_tent_d_snow",
      "tm": [
        [7.54979e-08,0.0,-1.0],
        [0.0,1.0,0.0],
        [1.0,0.0,7.54979e-08],
        [724.5,0.01,-65.9]
      ]
    },
    {
      "name": "universal_airfield_tent_d_snow",
      "tm": [
        [0.130526,0.0,-0.991445],
        [0.0,1.0,0.0],
        [0.991445,0.0,0.130526],
        [724.85,0.01,-72.45]
      ]
    },
    {
      "name": "universal_airfield_tent_d_snow",
      "tm": [
        [7.54979e-08,0.0,-1.0],
        [0.0,1.0,0.0],
        [1.0,0.0,7.54979e-08],
        [736.15,0.01,-42.8]
      ]
    },
    {
      "name": "universal_airfield_tent_d_snow",
      "tm": [
        [0.173648,0.0,-0.984808],
        [0.0,1.0,0.0],
        [0.984808,0.0,0.173648],
        [737.7,0.01,-49.95]
      ]
    },
    {
      "name": "universal_airfield_tent_d_snow",
      "tm": [
        [7.54979e-08,0.0,-1.0],
        [0.0,1.0,0.0],
        [1.0,0.0,7.54979e-08],
        [706.95,0.01,-74.5]
      ]
    },
    {
      "name": "universal_airfield_tent_d_snow",
      "tm": [
        [0.21644,0.0,-0.976296],
        [0.0,1.0,0.0],
        [0.976296,0.0,0.21644],
        [698.05,0.01,-74.9]
      ]
    },
    {
      "name": "universal_airfield_tent_d_snow",
      "tm": [
        [7.54979e-08,0.0,-1.0],
        [0.0,1.0,0.0],
        [1.0,0.0,7.54979e-08],
        [687.8,0.01,-74.9]
      ]
    },
    {
      "name": "universal_airfield_tent_d_snow",
      "tm": [
        [7.54979e-08,0.0,-1.0],
        [0.0,1.0,0.0],
        [1.0,0.0,7.54979e-08],
        [657.441,0.01,-72.208]
      ]
    },
    {
      "name": "universal_airfield_tent_d_snow",
      "tm": [
        [-0.5,0.0,-0.866025],
        [0.0,1.0,0.0],
        [0.866025,0.0,-0.5],
        [703.5,0.01,-81.95]
      ]
    },
    {
      "name": "barrels_winter_rendinst",
      "tm": [
        [1.0,0.0,0.0],
        [0.0,1.0,0.0],
        [0.0,0.0,1.0],
        [610.75,0.01,-46.65]
      ]
    },
    {
      "name": "modern_intermodal_container_a",
      "tm": [
        [7.45058e-09,0.0,-1.0],
        [0.0,1.0,0.0],
        [1.0,0.0,7.45058e-09],
        [601.3,0.01,-82.6]
      ]
    },
    {
      "name": "modern_intermodal_container_a",
      "tm": [
        [7.45058e-09,0.0,-1.0],
        [0.0,1.0,0.0],
        [1.0,0.0,7.45058e-09],
        [601.3,0.01,-79.359]
      ]
    },
    {
      "name": "modern_intermodal_container_a",
      "tm": [
        [7.45058e-09,0.0,-1.0],
        [0.0,1.0,0.0],
        [1.0,0.0,7.45058e-09],
        [600.44,0.01,-75.131]
      ]
    },
    {
      "name": "modern_intermodal_container_a",
      "tm": [
        [-0.21644,0.0,-0.976296],
        [0.0,1.0,0.0],
        [0.976296,0.0,-0.21644],
        [600.76,0.01,-61.451]
      ]
    },
    {
      "name": "modern_intermodal_container_a",
      "tm": [
        [7.45058e-09,0.0,-1.0],
        [0.0,1.0,0.0],
        [1.0,0.0,7.45058e-09],
        [602.46,0.01,-57.906]
      ]
    },
    {
      "name": "modern_intermodal_container_a",
      "tm": [
        [7.45058e-09,0.0,-1.0],
        [0.0,1.0,0.0],
        [1.0,0.0,7.45058e-09],
        [602.28,0.01,-54.367]
      ]
    },
    {
      "name": "modern_intermodal_container_a",
      "tm": [
        [-0.0628899,0.0,-0.99802],
        [0.0,1.0,0.0],
        [0.99802,0.0,-0.0628899],
        [576.6,0.01,-44.05]
      ]
    },
    {
      "name": "modern_intermodal_container_a",
      "tm": [
        [-0.0628899,0.0,-0.99802],
        [0.0,1.0,0.0],
        [0.99802,0.0,-0.0628899],
        [568.097,0.01,-43.3739]
      ]
    },
    {
      "name": "modern_intermodal_container_a",
      "tm": [
        [-0.295085,0.0,-0.955471],
        [0.0,1.0,0.0],
        [0.955471,0.0,-0.295085],
        [560.244,0.01,-44.4421]
      ]
    },
    {
      "name": "modern_intermodal_container_a",
      "tm": [
        [-1.0,0.0,-8.29485e-08],
        [0.0,1.0,0.0],
        [8.29485e-08,0.0,-1.0],
        [592.81,0.01,-72.073]
      ]
    },
    {
      "name": "modern_intermodal_container_a",
      "tm": [
        [-0.0628899,0.0,-0.99802],
        [0.0,1.0,0.0],
        [0.99802,0.0,-0.0628899],
        [569.037,0.01,-46.3488]
      ]
    },
    {
      "name": "modern_intermodal_container_a",
      "tm": [
        [-1.0,0.0,-8.29485e-08],
        [0.0,1.0,0.0],
        [8.29485e-08,0.0,-1.0],
        [629.85,0.01,-73.2]
      ]
    },
    {
      "name": "modern_intermodal_container_a",
      "tm": [
        [-0.915496,0.0,0.402328],
        [0.0,1.0,0.0],
        [-0.402328,0.0,-0.915496],
        [638.05,0.01,-66.85]
      ]
    },
    {
      "name": "modern_intermodal_container_a",
      "tm": [
        [-0.83286,0.0,0.553484],
        [0.0,1.0,0.0],
        [-0.553484,0.0,-0.83286],
        [635.4,0.01,-63.85]
      ]
    },
    {
      "name": "modern_intermodal_container_a",
      "tm": [
        [0.0661991,0.0,-0.997806],
        [0.0,1.0,0.0],
        [0.997806,0.0,0.0661991],
        [640.3,0.01,-78.85]
      ]
    },
    {
      "name": "modern_intermodal_container_a",
      "tm": [
        [-0.110576,0.0,-0.993868],
        [0.0,1.0,0.0],
        [0.993868,0.0,-0.110576],
        [643.15,0.01,-75.3]
      ]
    },
    {
      "name": "bulge_control_tower_1_rendinst",
      "tm": [
        [1.0,0.0,0.0],
        [0.0,1.0,0.0],
        [0.0,0.0,1.0],
        [737.25,0.01,-66.25]
      ]
    },
    {
      "name": "universal_airfield_tent_d_snow",
      "tm": [
        [7.54979e-08,0.0,-1.0],
        [0.0,1.0,0.0],
        [1.0,0.0,7.54979e-08],
        [665.41,0.01,-72.902]
      ]
    },
    {
      "tm": [
        [2.0,0.0,0.0],
        [0.0,2.0,0.0],
        [0.0,0.0,2.0],
        [-751.6729,-0.0057495,-38.11481]
      ],
      "name": ">airfield_flight_light_green"
    },
    {
      "tm": [
        [2.0,0.0,0.0],
        [0.0,2.0,0.0],
        [0.0,0.0,2.0],
        [-751.6729,-0.0057495,-35.10202]
      ],
      "name": ">airfield_flight_light_green"
    },
    {
      "tm": [
        [2.0,0.0,0.0],
        [0.0,2.0,0.0],
        [0.0,0.0,2.0],
        [-751.6729,-0.0057495,-32.0892]
      ],
      "name": ">airfield_flight_light_green"
    },
    {
      "tm": [
        [2.0,0.0,0.0],
        [0.0,2.0,0.0],
        [0.0,0.0,2.0],
        [-751.6729,-0.0057495,-29.07642]
      ],
      "name": ">airfield_flight_light_green"
    },
    {
      "tm": [
        [2.0,0.0,0.0],
        [0.0,2.0,0.0],
        [0.0,0.0,2.0],
        [-751.6729,-0.0057495,-26.0636]
      ],
      "name": ">airfield_flight_light_green"
    },
    {
      "tm": [
        [2.0,0.0,0.0],
        [0.0,2.0,0.0],
        [0.0,0.0,2.0],
        [-751.6729,-0.0057495,-23.05081]
      ],
      "name": ">airfield_flight_light_green"
    },
    {
      "tm": [
        [2.0,0.0,0.0],
        [0.0,2.0,0.0],
        [0.0,0.0,2.0],
        [-751.6729,-0.0057495,-20.038]
      ],
      "name": ">airfield_flight_light_green"
    },
    {
      "tm": [
        [2.0,0.0,0.0],
        [0.0,2.0,0.0],
        [0.0,0.0,2.0],
        [-751.6729,-0.0057495,19.12845]
      ],
      "name": ">airfield_flight_light_green"
    },
    {
      "tm": [
        [2.0,0.0,0.0],
        [0.0,2.0,0.0],
        [0.0,0.0,2.0],
        [-751.6729,-0.0057495,22.14126]
      ],
      "name": ">airfield_flight_light_green"
    },
    {
      "tm": [
        [2.0,0.0,0.0],
        [0.0,2.0,0.0],
        [0.0,0.0,2.0],
        [-751.6729,-0.0057495,25.15405]
      ],
      "name": ">airfield_flight_light_green"
    },
    {
      "tm": [
        [2.0,0.0,0.0],
        [0.0,2.0,0.0],
        [0.0,0.0,2.0],
        [-751.6729,-0.0057495,28.16687]
      ],
      "name": ">airfield_flight_light_green"
    },
    {
      "tm": [
        [2.0,0.0,0.0],
        [0.0,2.0,0.0],
        [0.0,0.0,2.0],
        [-751.6729,-0.0057495,31.17966]
      ],
      "name": ">airfield_flight_light_green"
    },
    {
      "tm": [
        [2.0,0.0,0.0],
        [0.0,2.0,0.0],
        [0.0,0.0,2.0],
        [-751.6729,-0.0057495,34.19247]
      ],
      "name": ">airfield_flight_light_green"
    },
    {
      "tm": [
        [2.0,0.0,0.0],
        [0.0,2.0,0.0],
        [0.0,0.0,2.0],
        [-751.6729,-0.0057495,37.20526]
      ],
      "name": ">airfield_flight_light_green"
    },
    {
      "tm": [
        [2.0,0.0,0.0],
        [0.0,2.0,0.0],
        [0.0,0.0,2.0],
        [756.6832,-0.0057495,36.97421]
      ],
      "name": ">airfield_flight_light_green"
    },
    {
      "tm": [
        [2.0,0.0,0.0],
        [0.0,2.0,0.0],
        [0.0,0.0,2.0],
        [756.6832,-0.0057495,33.96143]
      ],
      "name": ">airfield_flight_light_green"
    },
    {
      "tm": [
        [2.0,0.0,0.0],
        [0.0,2.0,0.0],
        [0.0,0.0,2.0],
        [756.6832,-0.0057495,30.94861]
      ],
      "name": ">airfield_flight_light_green"
    },
    {
      "tm": [
        [2.0,0.0,0.0],
        [0.0,2.0,0.0],
        [0.0,0.0,2.0],
        [756.6832,-0.0057495,27.93582]
      ],
      "name": ">airfield_flight_light_green"
    },
    {
      "tm": [
        [2.0,0.0,0.0],
        [0.0,2.0,0.0],
        [0.0,0.0,2.0],
        [756.6832,-0.0057495,24.923]
      ],
      "name": ">airfield_flight_light_green"
    },
    {
      "tm": [
        [2.0,0.0,0.0],
        [0.0,2.0,0.0],
        [0.0,0.0,2.0],
        [756.6832,-0.0057495,21.91022]
      ],
      "name": ">airfield_flight_light_green"
    },
    {
      "tm": [
        [2.0,0.0,0.0],
        [0.0,2.0,0.0],
        [0.0,0.0,2.0],
        [756.6832,-0.0057495,18.8974]
      ],
      "name": ">airfield_flight_light_green"
    },
    {
      "tm": [
        [2.0,0.0,0.0],
        [0.0,2.0,0.0],
        [0.0,0.0,2.0],
        [756.6832,-0.0057495,-20.26904]
      ],
      "name": ">airfield_flight_light_green"
    },
    {
      "tm": [
        [2.0,0.0,0.0],
        [0.0,2.0,0.0],
        [0.0,0.0,2.0],
        [756.6832,-0.0057495,-23.28186]
      ],
      "name": ">airfield_flight_light_green"
    },
    {
      "tm": [
        [2.0,0.0,0.0],
        [0.0,2.0,0.0],
        [0.0,0.0,2.0],
        [756.6832,-0.0057495,-26.29465]
      ],
      "name": ">airfield_flight_light_green"
    },
    {
      "tm": [
        [2.0,0.0,0.0],
        [0.0,2.0,0.0],
        [0.0,0.0,2.0],
        [756.6832,-0.0057495,-29.30747]
      ],
      "name": ">airfield_flight_light_green"
    },
    {
      "tm": [
        [2.0,0.0,0.0],
        [0.0,2.0,0.0],
        [0.0,0.0,2.0],
        [756.6832,-0.0057495,-32.32025]
      ],
      "name": ">airfield_flight_light_green"
    },
    {
      "tm": [
        [2.0,0.0,0.0],
        [0.0,2.0,0.0],
        [0.0,0.0,2.0],
        [756.6832,-0.0057495,-35.33307]
      ],
      "name": ">airfield_flight_light_green"
    },
    {
      "tm": [
        [2.0,0.0,0.0],
        [0.0,2.0,0.0],
        [0.0,0.0,2.0],
        [757.0129,-0.0057495,-31.63007]
      ],
      "name": ">airfield_flight_light_green"
    },
    {
      "tm": [
        [2.0,0.0,0.0],
        [0.0,2.0,0.0],
        [0.0,0.0,2.0],
        [-757.7037,-0.0057495,1.840268]
      ],
      "name": ">airfield_flight_light_red"
    },
    {
      "tm": [
        [2.0,0.0,0.0],
        [0.0,2.0,0.0],
        [0.0,0.0,2.0],
        [-757.7037,-0.0057495,0.3066076]
      ],
      "name": ">airfield_flight_light_red"
    },
    {
      "tm": [
        [2.0,0.0,0.0],
        [0.0,2.0,0.0],
        [0.0,0.0,2.0],
        [-757.7037,-0.0057495,-1.257724]
      ],
      "name": ">airfield_flight_light_red"
    },
    {
      "tm": [
        [2.0,0.0,0.0],
        [0.0,2.0,0.0],
        [0.0,0.0,2.0],
        [-757.7037,-0.0057495,-2.822054]
      ],
      "name": ">airfield_flight_light_red"
    },
    {
      "tm": [
        [2.0,0.0,0.0],
        [0.0,2.0,0.0],
        [0.0,0.0,2.0],
        [-757.7037,-0.0057495,14.08398]
      ],
      "name": ">airfield_flight_light_red"
    },
    {
      "tm": [
        [2.0,0.0,0.0],
        [0.0,2.0,0.0],
        [0.0,0.0,2.0],
        [-757.7037,-0.0057495,12.55032]
      ],
      "name": ">airfield_flight_light_red"
    },
    {
      "tm": [
        [2.0,0.0,0.0],
        [0.0,2.0,0.0],
        [0.0,0.0,2.0],
        [-757.7037,-0.0057495,10.98599]
      ],
      "name": ">airfield_flight_light_red"
    },
    {
      "tm": [
        [2.0,0.0,0.0],
        [0.0,2.0,0.0],
        [0.0,0.0,2.0],
        [-757.7037,-0.0057495,9.421659]
      ],
      "name": ">airfield_flight_light_red"
    },
    {
      "tm": [
        [2.0,0.0,0.0],
        [0.0,2.0,0.0],
        [0.0,0.0,2.0],
        [-757.7037,-0.0057495,-11.2515]
      ],
      "name": ">airfield_flight_light_red"
    },
    {
      "tm": [
        [2.0,0.0,0.0],
        [0.0,2.0,0.0],
        [0.0,0.0,2.0],
        [-757.7037,-0.0057495,-12.78516]
      ],
      "name": ">airfield_flight_light_red"
    },
    {
      "tm": [
        [2.0,0.0,0.0],
        [0.0,2.0,0.0],
        [0.0,0.0,2.0],
        [-757.7037,-0.0057495,-14.34949]
      ],
      "name": ">airfield_flight_light_red"
    },
    {
      "tm": [
        [2.0,0.0,0.0],
        [0.0,2.0,0.0],
        [0.0,0.0,2.0],
        [-757.7037,-0.0057495,-15.91382]
      ],
      "name": ">airfield_flight_light_red"
    },
    {
      "tm": [
        [2.0,0.0,0.0],
        [0.0,2.0,0.0],
        [0.0,0.0,2.0],
        [-751.6739,-0.0057495,14.08398]
      ],
      "name": ">airfield_flight_light_red"
    },
    {
      "tm": [
        [2.0,0.0,0.0],
        [0.0,2.0,0.0],
        [0.0,0.0,2.0],
        [-751.6739,-0.0057495,12.55032]
      ],
      "name": ">airfield_flight_light_red"
    },
    {
      "tm": [
        [2.0,0.0,0.0],
        [0.0,2.0,0.0],
        [0.0,0.0,2.0],
        [-751.6739,-0.0057495,10.98599]
      ],
      "name": ">airfield_flight_light_red"
    },
    {
      "tm": [
        [2.0,0.0,0.0],
        [0.0,2.0,0.0],
        [0.0,0.0,2.0],
        [-751.6739,-0.0057495,9.421659]
      ],
      "name": ">airfield_flight_light_red"
    },
    {
      "tm": [
        [2.0,0.0,0.0],
        [0.0,2.0,0.0],
        [0.0,0.0,2.0],
        [-751.6739,-0.0057495,-11.2515]
      ],
      "name": ">airfield_flight_light_red"
    },
    {
      "tm": [
        [2.0,0.0,0.0],
        [0.0,2.0,0.0],
        [0.0,0.0,2.0],
        [-751.6739,-0.0057495,-12.78516]
      ],
      "name": ">airfield_flight_light_red"
    },
    {
      "tm": [
        [2.0,0.0,0.0],
        [0.0,2.0,0.0],
        [0.0,0.0,2.0],
        [-751.6739,-0.0057495,-14.34949]
      ],
      "name": ">airfield_flight_light_red"
    },
    {
      "tm": [
        [2.0,0.0,0.0],
        [0.0,2.0,0.0],
        [0.0,0.0,2.0],
        [-751.6739,-0.0057495,-15.91382]
      ],
      "name": ">airfield_flight_light_red"
    },
    {
      "tm": [
        [2.0,0.0,0.0],
        [0.0,2.0,0.0],
        [0.0,0.0,2.0],
        [762.714,-0.0057495,-2.980868]
      ],
      "name": ">airfield_flight_light_red"
    },
    {
      "tm": [
        [2.0,0.0,0.0],
        [0.0,2.0,0.0],
        [0.0,0.0,2.0],
        [762.714,-0.0057495,-1.447207]
      ],
      "name": ">airfield_flight_light_red"
    },
    {
      "tm": [
        [2.0,0.0,0.0],
        [0.0,2.0,0.0],
        [0.0,0.0,2.0],
        [762.714,-0.0057495,0.117124]
      ],
      "name": ">airfield_flight_light_red"
    },
    {
      "tm": [
        [2.0,0.0,0.0],
        [0.0,2.0,0.0],
        [0.0,0.0,2.0],
        [762.714,-0.0057495,1.681455]
      ],
      "name": ">airfield_flight_light_red"
    },
    {
      "tm": [
        [2.0,0.0,0.0],
        [0.0,2.0,0.0],
        [0.0,0.0,2.0],
        [762.714,-0.0057495,-15.22458]
      ],
      "name": ">airfield_flight_light_red"
    },
    {
      "tm": [
        [2.0,0.0,0.0],
        [0.0,2.0,0.0],
        [0.0,0.0,2.0],
        [762.714,-0.0057495,-13.69092]
      ],
      "name": ">airfield_flight_light_red"
    },
    {
      "tm": [
        [2.0,0.0,0.0],
        [0.0,2.0,0.0],
        [0.0,0.0,2.0],
        [762.714,-0.0057495,-12.12659]
      ],
      "name": ">airfield_flight_light_red"
    },
    {
      "tm": [
        [2.0,0.0,0.0],
        [0.0,2.0,0.0],
        [0.0,0.0,2.0],
        [762.714,-0.0057495,-10.56226]
      ],
      "name": ">airfield_flight_light_red"
    },
    {
      "tm": [
        [2.0,0.0,0.0],
        [0.0,2.0,0.0],
        [0.0,0.0,2.0],
        [762.714,-0.0057495,10.11093]
      ],
      "name": ">airfield_flight_light_red"
    },
    {
      "tm": [
        [2.0,0.0,0.0],
        [0.0,2.0,0.0],
        [0.0,0.0,2.0],
        [762.714,-0.0057495,11.64456]
      ],
      "name": ">airfield_flight_light_red"
    },
    {
      "tm": [
        [2.0,0.0,0.0],
        [0.0,2.0,0.0],
        [0.0,0.0,2.0],
        [762.714,-0.0057495,13.20889]
      ],
      "name": ">airfield_flight_light_red"
    },
    {
      "tm": [
        [2.0,0.0,0.0],
        [0.0,2.0,0.0],
        [0.0,0.0,2.0],
        [762.714,-0.0057495,14.77322]
      ],
      "name": ">airfield_flight_light_red"
    },
    {
      "tm": [
        [2.0,0.0,0.0],
        [0.0,2.0,0.0],
        [0.0,0.0,2.0],
        [756.6844,-0.0057495,-15.22458]
      ],
      "name": ">airfield_flight_light_red"
    },
    {
      "tm": [
        [2.0,0.0,0.0],
        [0.0,2.0,0.0],
        [0.0,0.0,2.0],
        [756.6844,-0.0057495,-13.69092]
      ],
      "name": ">airfield_flight_light_red"
    },
    {
      "tm": [
        [2.0,0.0,0.0],
        [0.0,2.0,0.0],
        [0.0,0.0,2.0],
        [756.6844,-0.0057495,-12.12659]
      ],
      "name": ">airfield_flight_light_red"
    },
    {
      "tm": [
        [2.0,0.0,0.0],
        [0.0,2.0,0.0],
        [0.0,0.0,2.0],
        [756.6844,-0.0057495,-10.56226]
      ],
      "name": ">airfield_flight_light_red"
    },
    {
      "tm": [
        [2.0,0.0,0.0],
        [0.0,2.0,0.0],
        [0.0,0.0,2.0],
        [756.6844,-0.0057495,10.11093]
      ],
      "name": ">airfield_flight_light_red"
    },
    {
      "tm": [
        [2.0,0.0,0.0],
        [0.0,2.0,0.0],
        [0.0,0.0,2.0],
        [756.6844,-0.0057495,11.64456]
      ],
      "name": ">airfield_flight_light_red"
    },
    {
      "tm": [
        [2.0,0.0,0.0],
        [0.0,2.0,0.0],
        [0.0,0.0,2.0],
        [756.6844,-0.0057495,13.20889]
      ],
      "name": ">airfield_flight_light_red"
    },
    {
      "tm": [
        [2.0,0.0,0.0],
        [0.0,2.0,0.0],
        [0.0,0.0,2.0],
        [756.6844,-0.0057495,14.77322]
      ],
      "name": ">airfield_flight_light_red"
    },
    {
      "tm": [
        [2.0,0.0,0.0],
        [0.0,2.0,0.0],
        [0.0,0.0,2.0],
        [-836.0389,-0.0057495,-2.718722]
      ],
      "name": ">airfield_flight_light_yellow"
    },
    {
      "tm": [
        [2.0,0.0,0.0],
        [0.0,2.0,0.0],
        [0.0,0.0,2.0],
        [-836.0389,-0.0057495,-1.212313]
      ],
      "name": ">airfield_flight_light_yellow"
    },
    {
      "tm": [
        [2.0,0.0,0.0],
        [0.0,2.0,0.0],
        [0.0,0.0,2.0],
        [-836.0389,-0.0057495,0.2940954]
      ],
      "name": ">airfield_flight_light_yellow"
    },
    {
      "tm": [
        [2.0,0.0,0.0],
        [0.0,2.0,0.0],
        [0.0,0.0,2.0],
        [-836.0389,-0.0057495,1.800504]
      ],
      "name": ">airfield_flight_light_yellow"
    },
    {
      "tm": [
        [2.0,0.0,0.0],
        [0.0,2.0,0.0],
        [0.0,0.0,2.0],
        [-830.0132,-0.0057495,-2.718722]
      ],
      "name": ">airfield_flight_light_yellow"
    },
    {
      "tm": [
        [2.0,0.0,0.0],
        [0.0,2.0,0.0],
        [0.0,0.0,2.0],
        [-830.0132,-0.0057495,-1.212313]
      ],
      "name": ">airfield_flight_light_yellow"
    },
    {
      "tm": [
        [2.0,0.0,0.0],
        [0.0,2.0,0.0],
        [0.0,0.0,2.0],
        [-830.0132,-0.0057495,0.2940954]
      ],
      "name": ">airfield_flight_light_yellow"
    },
    {
      "tm": [
        [2.0,0.0,0.0],
        [0.0,2.0,0.0],
        [0.0,0.0,2.0],
        [-830.0132,-0.0057495,1.800504]
      ],
      "name": ">airfield_flight_light_yellow"
    },
    {
      "tm": [
        [2.0,0.0,0.0],
        [0.0,2.0,0.0],
        [0.0,0.0,2.0],
        [-823.9876,-0.0057495,-2.718722]
      ],
      "name": ">airfield_flight_light_yellow"
    },
    {
      "tm": [
        [2.0,0.0,0.0],
        [0.0,2.0,0.0],
        [0.0,0.0,2.0],
        [-823.9876,-0.0057495,-1.212313]
      ],
      "name": ">airfield_flight_light_yellow"
    },
    {
      "tm": [
        [2.0,0.0,0.0],
        [0.0,2.0,0.0],
        [0.0,0.0,2.0],
        [-823.9876,-0.0057495,0.2940954]
      ],
      "name": ">airfield_flight_light_yellow"
    },
    {
      "tm": [
        [2.0,0.0,0.0],
        [0.0,2.0,0.0],
        [0.0,0.0,2.0],
        [-823.9876,-0.0057495,1.800504]
      ],
      "name": ">airfield_flight_light_yellow"
    },
    {
      "tm": [
        [2.0,0.0,0.0],
        [0.0,2.0,0.0],
        [0.0,0.0,2.0],
        [-817.962,-0.0057495,-2.718722]
      ],
      "name": ">airfield_flight_light_yellow"
    },
    {
      "tm": [
        [2.0,0.0,0.0],
        [0.0,2.0,0.0],
        [0.0,0.0,2.0],
        [-817.962,-0.0057495,-1.212313]
      ],
      "name": ">airfield_flight_light_yellow"
    },
    {
      "tm": [
        [2.0,0.0,0.0],
        [0.0,2.0,0.0],
        [0.0,0.0,2.0],
        [-817.962,-0.0057495,0.2940954]
      ],
      "name": ">airfield_flight_light_yellow"
    },
    {
      "tm": [
        [2.0,0.0,0.0],
        [0.0,2.0,0.0],
        [0.0,0.0,2.0],
        [-817.962,-0.0057495,1.800504]
      ],
      "name": ">airfield_flight_light_yellow"
    },
    {
      "tm": [
        [2.0,0.0,0.0],
        [0.0,2.0,0.0],
        [0.0,0.0,2.0],
        [-811.9363,-0.0057495,-2.718722]
      ],
      "name": ">airfield_flight_light_yellow"
    },
    {
      "tm": [
        [2.0,0.0,0.0],
        [0.0,2.0,0.0],
        [0.0,0.0,2.0],
        [-811.9363,-0.0057495,-1.212313]
      ],
      "name": ">airfield_flight_light_yellow"
    },
    {
      "tm": [
        [2.0,0.0,0.0],
        [0.0,2.0,0.0],
        [0.0,0.0,2.0],
        [-811.9363,-0.0057495,0.2940954]
      ],
      "name": ">airfield_flight_light_yellow"
    },
    {
      "tm": [
        [2.0,0.0,0.0],
        [0.0,2.0,0.0],
        [0.0,0.0,2.0],
        [-811.9363,-0.0057495,1.800504]
      ],
      "name": ">airfield_flight_light_yellow"
    },
    {
      "tm": [
        [2.0,0.0,0.0],
        [0.0,2.0,0.0],
        [0.0,0.0,2.0],
        [-805.9107,-0.0057495,-2.718722]
      ],
      "name": ">airfield_flight_light_yellow"
    },
    {
      "tm": [
        [2.0,0.0,0.0],
        [0.0,2.0,0.0],
        [0.0,0.0,2.0],
        [-805.9107,-0.0057495,-1.212313]
      ],
      "name": ">airfield_flight_light_yellow"
    },
    {
      "tm": [
        [2.0,0.0,0.0],
        [0.0,2.0,0.0],
        [0.0,0.0,2.0],
        [-805.9107,-0.0057495,0.2940954]
      ],
      "name": ">airfield_flight_light_yellow"
    },
    {
      "tm": [
        [2.0,0.0,0.0],
        [0.0,2.0,0.0],
        [0.0,0.0,2.0],
        [-805.9107,-0.0057495,1.800504]
      ],
      "name": ">airfield_flight_light_yellow"
    },
    {
      "tm": [
        [2.0,0.0,0.0],
        [0.0,2.0,0.0],
        [0.0,0.0,2.0],
        [-799.8851,-0.0057495,-2.718722]
      ],
      "name": ">airfield_flight_light_yellow"
    },
    {
      "tm": [
        [2.0,0.0,0.0],
        [0.0,2.0,0.0],
        [0.0,0.0,2.0],
        [-799.8851,-0.0057495,-1.212313]
      ],
      "name": ">airfield_flight_light_yellow"
    },
    {
      "tm": [
        [2.0,0.0,0.0],
        [0.0,2.0,0.0],
        [0.0,0.0,2.0],
        [-799.8851,-0.0057495,0.2940954]
      ],
      "name": ">airfield_flight_light_yellow"
    },
    {
      "tm": [
        [2.0,0.0,0.0],
        [0.0,2.0,0.0],
        [0.0,0.0,2.0],
        [-799.8851,-0.0057495,1.800504]
      ],
      "name": ">airfield_flight_light_yellow"
    },
    {
      "tm": [
        [2.0,0.0,0.0],
        [0.0,2.0,0.0],
        [0.0,0.0,2.0],
        [-793.8594,-0.0057495,-2.718722]
      ],
      "name": ">airfield_flight_light_yellow"
    },
    {
      "tm": [
        [2.0,0.0,0.0],
        [0.0,2.0,0.0],
        [0.0,0.0,2.0],
        [-793.8594,-0.0057495,-1.212313]
      ],
      "name": ">airfield_flight_light_yellow"
    },
    {
      "tm": [
        [2.0,0.0,0.0],
        [0.0,2.0,0.0],
        [0.0,0.0,2.0],
        [-793.8594,-0.0057495,0.2940954]
      ],
      "name": ">airfield_flight_light_yellow"
    },
    {
      "tm": [
        [2.0,0.0,0.0],
        [0.0,2.0,0.0],
        [0.0,0.0,2.0],
        [-793.8594,-0.0057495,1.800504]
      ],
      "name": ">airfield_flight_light_yellow"
    },
    {
      "tm": [
        [2.0,0.0,0.0],
        [0.0,2.0,0.0],
        [0.0,0.0,2.0],
        [-787.8338,-0.0057495,-2.718722]
      ],
      "name": ">airfield_flight_light_yellow"
    },
    {
      "tm": [
        [2.0,0.0,0.0],
        [0.0,2.0,0.0],
        [0.0,0.0,2.0],
        [-787.8338,-0.0057495,-1.212313]
      ],
      "name": ">airfield_flight_light_yellow"
    },
    {
      "tm": [
        [2.0,0.0,0.0],
        [0.0,2.0,0.0],
        [0.0,0.0,2.0],
        [-787.8338,-0.0057495,0.2940954]
      ],
      "name": ">airfield_flight_light_yellow"
    },
    {
      "tm": [
        [2.0,0.0,0.0],
        [0.0,2.0,0.0],
        [0.0,0.0,2.0],
        [-787.8338,-0.0057495,1.800504]
      ],
      "name": ">airfield_flight_light_yellow"
    },
    {
      "tm": [
        [2.0,0.0,0.0],
        [0.0,2.0,0.0],
        [0.0,0.0,2.0],
        [-781.8082,-0.0057495,-2.718722]
      ],
      "name": ">airfield_flight_light_yellow"
    },
    {
      "tm": [
        [2.0,0.0,0.0],
        [0.0,2.0,0.0],
        [0.0,0.0,2.0],
        [-781.8082,-0.0057495,-1.212313]
      ],
      "name": ">airfield_flight_light_yellow"
    },
    {
      "tm": [
        [2.0,0.0,0.0],
        [0.0,2.0,0.0],
        [0.0,0.0,2.0],
        [-781.8082,-0.0057495,0.2940954]
      ],
      "name": ">airfield_flight_light_yellow"
    },
    {
      "tm": [
        [2.0,0.0,0.0],
        [0.0,2.0,0.0],
        [0.0,0.0,2.0],
        [-781.8082,-0.0057495,1.800504]
      ],
      "name": ">airfield_flight_light_yellow"
    },
    {
      "tm": [
        [2.0,0.0,0.0],
        [0.0,2.0,0.0],
        [0.0,0.0,2.0],
        [-775.7825,-0.0057495,-2.718722]
      ],
      "name": ">airfield_flight_light_yellow"
    },
    {
      "tm": [
        [2.0,0.0,0.0],
        [0.0,2.0,0.0],
        [0.0,0.0,2.0],
        [-775.7825,-0.0057495,-1.212313]
      ],
      "name": ">airfield_flight_light_yellow"
    },
    {
      "tm": [
        [2.0,0.0,0.0],
        [0.0,2.0,0.0],
        [0.0,0.0,2.0],
        [-775.7825,-0.0057495,0.2940954]
      ],
      "name": ">airfield_flight_light_yellow"
    },
    {
      "tm": [
        [2.0,0.0,0.0],
        [0.0,2.0,0.0],
        [0.0,0.0,2.0],
        [-775.7825,-0.0057495,1.800504]
      ],
      "name": ">airfield_flight_light_yellow"
    },
    {
      "tm": [
        [2.0,0.0,0.0],
        [0.0,2.0,0.0],
        [0.0,0.0,2.0],
        [-769.7571,-0.0057495,-2.718722]
      ],
      "name": ">airfield_flight_light_yellow"
    },
    {
      "tm": [
