{
  "className": "composit",
  "size": [1024.0,256.0],
  "airfield": {
    "start": [441.0,0.0,148.0],
    "end": [-742.0,0.0,148.0],
    "width": 80.0,
    "spawn": [
      [217.0,0.0,141.0],
      [230.0,0.0,166.0],
      [241.0,0.0,141.0],
      [253.0,0.0,166.0],
      [264.0,0.0,141.0],
      [277.0,0.0,166.0],
      [288.0,0.0,141.0],
      [300.0,0.0,166.0],
      [313.0,0.0,141.0],
      [326.0,0.0,166.0],
      [339.0,0.0,141.0],
      [352.0,0.0,166.0],
      [365.0,0.0,141.0],
      [378.0,0.0,166.0],
      [391.0,0.0,141.0],
      [404.0,0.0,166.0]
    ],
    "repairTags": {
      "type_attack_helicopter": false,
      "type_utility_helicopter": false
    }
  },
  "node": [
    {
      "name": "^^dynaf_britain_ally_2line_mesh",
      "tm": [
        [1.0,0.0,0.0],
        [0.0,1.0,0.0],
        [0.0,0.0,1.0],
        [0.0,0.0,0.0]
      ]
    },
    {
      "name": "+NoTreesBox000",
      "tm": [
        [800.0,0.0,0.0],
        [0.0,15.0,0.0],
        [0.0,0.0,50.0],
        [-145.0,0.0,150.0]
      ]
    },
    {
      "name": "+NoTreesBox001",
      "tm": [
        [800.0,0.0,0.0],
        [0.0,15.0,0.0],
        [0.0,0.0,50.0],
        [-145.0,0.0,343.0]
      ]
    },
    {
      "name": "+NoTreesBox002",
      "tm": [
        [480.0,0.0,0.0],
        [0.0,15.0,0.0],
        [0.0,0.0,180.0],
        [-187.0,0.0,-50.0]
      ]
    },
    {
      "name": "us_mbase_hangar1b",
      "tm": [
        [1.19249e-08,0.0,-1.0],
        [0.0,1.0,0.0],
        [1.0,0.0,1.19249e-08],
        [88.6519,0.0,-132.443]
      ]
    },
    {
      "name": "us_mbase_hangar1b",
      "tm": [
        [1.19249e-08,0.0,-1.0],
        [0.0,1.0,0.0],
        [1.0,0.0,1.19249e-08],
        [-20.8696,0.0,-132.443]
      ]
    },
    {
      "name": "us_mbase_hangar1b",
      "tm": [
        [1.39071e-07,0.0,1.0],
        [0.0,1.0,0.0],
        [-1.0,0.0,1.39071e-07],
        [-160.425,0.0,-231.798]
      ]
    },
    {
      "name": "us_mbase_hangar1b",
      "tm": [
        [1.39071e-07,0.0,1.0],
        [0.0,1.0,0.0],
        [-1.0,0.0,1.39071e-07],
        [-265.443,0.0,-231.798]
      ]
    },
    {
      "name": "us_mbase_hangar1b",
      "tm": [
        [1.39071e-07,0.0,1.0],
        [0.0,1.0,0.0],
        [-1.0,0.0,1.39071e-07],
        [-397.691,0.0,-261.071]
      ]
    },
    {
      "name": "us_mbase_hangar1b",
      "tm": [
        [1.39071e-07,0.0,1.0],
        [0.0,1.0,0.0],
        [-1.0,0.0,1.39071e-07],
        [-503.716,0.0,-261.071]
      ]
    },
    {
      "name": "us_mbase_hangar1b",
      "tm": [
        [1.0,0.0,-3.01992e-07],
        [0.0,1.0,0.0],
        [3.01992e-07,0.0,1.0],
        [-799.842,0.0,-145.896]
      ]
    },
    {
      "name": "us_mbase_hangar1b",
      "tm": [
        [1.0,0.0,-3.01992e-07],
        [0.0,1.0,0.0],
        [3.01992e-07,0.0,1.0],
        [-800.397,0.0,-222.915]
      ]
    },
    {
      "name": "us_mbase_hangar1b",
      "tm": [
        [1.0,0.0,-3.01992e-07],
        [0.0,1.0,0.0],
        [3.01992e-07,0.0,1.0],
        [-799.575,0.0,-66.1277]
      ]
    },
    {
      "name": "britain_hangar_1_rendinst",
      "tm": [
        [-0.000242873,0.0,1.0],
        [0.0,1.0,0.0],
        [-1.0,0.0,-0.000242873],
        [-22.943,0.0,-213.92]
      ]
    },
    {
      "name": "britain_hangar_3_rendinst",
      "tm": [
        [-1.0,0.0,1.50996e-07],
        [0.0,1.0,0.0],
        [-1.50996e-07,0.0,-1.0],
        [-37.6353,-0.0112385,-266.643]
      ]
    },
    {
      "name": "britain_tech_building_1_rendinst",
      "tm": [
        [0.0204778,0.0,0.99979],
        [0.0,1.0,0.0],
        [-0.99979,0.0,0.0204778],
        [23.742,0.0,-259.36]
      ]
    },
    {
      "name": "britain_army_tent_rendinst",
      "tm": [
        [0.642788,0.0,0.766044],
        [0.0,1.0,0.0],
        [-0.766044,0.0,0.642788],
        [-618.067,0.0,-330.955]
      ]
    },
    {
      "name": "britain_tent_2_rendinst",
      "tm": [
        [-0.0871562,0.0,0.996195],
        [0.0,1.0,0.0],
        [-0.996195,0.0,-0.0871562],
        [-626.702,0.0,-294.488]
      ]
    },
    {
      "name": "britain_tent_1_rendinst",
      "tm": [
        [0.866025,0.0,0.500001],
        [0.0,1.0,0.0],
        [-0.500001,0.0,0.866025],
        [-633.853,0.0,-301.31]
      ]
    },
    {
      "name": "britain_big_army_tent_rendinst",
      "tm": [
        [0.642788,0.0,0.766044],
        [0.0,1.0,0.0],
        [-0.766044,0.0,0.642788],
        [-623.059,0.0,-311.988]
      ]
    },
    {
      "name": "britain_tent_1_rendinst",
      "tm": [
        [0.965926,0.0,-0.258818],
        [0.0,1.0,0.0],
        [0.258818,0.0,0.965926],
        [-619.039,0.0,-288.152]
      ]
    },
    {
      "name": "britain_tent_1_rendinst",
      "tm": [
        [0.173648,0.0,0.984808],
        [0.0,1.0,0.0],
        [-0.984808,0.0,0.173648],
        [-639.501,0.0,-315.324]
      ]
    },
    {
      "name": "britain_tent_1_rendinst",
      "tm": [
        [-0.906308,0.0,0.422618],
        [0.0,1.0,0.0],
        [-0.422618,0.0,-0.906308],
        [-629.853,0.0,-327.87]
      ]
    },
    {
      "name": "britain_tent_2_rendinst",
      "tm": [
        [-0.906308,0.0,0.422618],
        [0.0,1.0,0.0],
        [-0.422618,0.0,-0.906308],
        [-642.838,0.0,-305.436]
      ]
    },
    {
      "name": "britain_army_tent_rendinst",
      "tm": [
        [0.642788,0.0,0.766044],
        [0.0,1.0,0.0],
        [-0.766044,0.0,0.642788],
        [-639.146,0.0,-325.357]
      ]
    },
    {
      "name": "britain_tent_2_rendinst",
      "tm": [
        [0.965926,0.0,-0.258818],
        [0.0,1.0,0.0],
        [0.258818,0.0,0.965926],
        [-607.566,0.0,-318.743]
      ]
    },
    {
      "name": "britain_army_tent_rendinst",
      "tm": [
        [-0.25882,0.0,0.965926],
        [0.0,1.0,0.0],
        [-0.965926,0.0,-0.25882],
        [-609.143,0.0,-324.976]
      ]
    },
    {
      "name": "britain_tent_1_rendinst",
      "tm": [
        [-0.500001,0.0,0.866025],
        [0.0,1.0,0.0],
        [-0.866025,0.0,-0.500001],
        [-604.792,0.0,-303.644]
      ]
    },
    {
      "name": "britain_control_tower_1_rendinst",
      "tm": [
        [0.153462,0.0,0.988155],
        [0.0,1.0,0.0],
        [-0.988155,0.0,0.153462],
        [-896.821,0.0,244.486]
      ]
    },
    {
      "name": "britain_tent_1_rendinst",
      "tm": [
        [-0.707106,0.0,-0.707107],
        [0.0,1.0,0.0],
        [0.707107,0.0,-0.707106],
        [-633.606,0.0,-360.069]
      ]
    },
    {
      "name": "britain_tent_2_rendinst",
      "tm": [
        [-0.766044,0.0,-0.642788],
        [0.0,1.0,0.0],
        [0.642788,0.0,-0.766044],
        [-639.874,0.0,-351.198]
      ]
    },
    {
      "name": "britain_army_tent_rendinst",
      "tm": [
        [0.642788,0.0,0.766044],
        [0.0,1.0,0.0],
        [-0.766044,0.0,0.642788],
        [-641.534,0.0,-339.458]
      ]
    },
    {
      "name": "britain_tent_1_rendinst",
      "tm": [
        [0.766044,0.0,0.642788],
        [0.0,1.0,0.0],
        [-0.642788,0.0,0.766044],
        [-666.097,0.0,-323.143]
      ]
    },
    {
      "name": "britain_tent_2_rendinst",
      "tm": [
        [-0.707107,0.0,0.707107],
        [0.0,1.0,0.0],
        [-0.707107,0.0,-0.707107],
        [-660.558,0.0,-318.055]
      ]
    },
    {
      "name": "britain_tent_1_rendinst",
      "tm": [
        [0.766044,0.0,0.642788],
        [0.0,1.0,0.0],
        [-0.642788,0.0,0.766044],
        [-654.373,0.0,-311.608]
      ]
    },
    {
      "name": "britain_army_tent_rendinst",
      "tm": [
        [-1.62921e-07,0.0,-1.0],
        [0.0,1.0,0.0],
        [1.0,0.0,-1.62921e-07],
        [412.159,0.0,-270.096]
      ]
    },
    {
      "name": "britain_tent_2_rendinst",
      "tm": [
        [0.707107,0.0,-0.707107],
        [0.0,1.0,0.0],
        [0.707107,0.0,0.707107],
        [441.81,0.0,-294.706]
      ]
    },
    {
      "name": "britain_tent_1_rendinst",
      "tm": [
        [-0.34202,0.0,-0.939693],
        [0.0,1.0,0.0],
        [0.939693,0.0,-0.34202],
        [445.128,0.0,-285.086]
      ]
    },
    {
      "name": "britain_big_army_tent_rendinst",
      "tm": [
        [-1.62921e-07,0.0,-1.0],
        [0.0,1.0,0.0],
        [1.0,0.0,-1.62921e-07],
        [430.024,0.0,-283.047]
      ]
    },
    {
      "name": "britain_tent_1_rendinst",
      "tm": [
        [0.5,0.0,-0.866026],
        [0.0,1.0,0.0],
        [0.866026,0.0,0.5],
        [441.907,0.0,-269.356]
      ]
    },
    {
      "name": "britain_tent_1_rendinst",
      "tm": [
        [0.573576,0.0,-0.819152],
        [0.0,1.0,0.0],
        [0.819152,0.0,0.573576],
        [414.49,0.0,-289.322]
      ]
    },
    {
      "name": "britain_tent_2_rendinst",
      "tm": [
        [0.965926,0.0,0.258819],
        [0.0,1.0,0.0],
        [-0.258819,0.0,0.965926],
        [448.549,0.0,-276.554]
      ]
    },
    {
      "name": "britain_tent_2_rendinst",
      "tm": [
        [-0.642788,0.0,-0.766044],
        [0.0,1.0,0.0],
        [0.766044,0.0,-0.642788],
        [419.192,0.0,-295.221]
      ]
    },
    {
      "name": "britain_army_tent_rendinst",
      "tm": [
        [0.819152,0.0,-0.573576],
        [0.0,1.0,0.0],
        [0.573576,0.0,0.819152],
        [410.178,0.0,-280.616]
      ]
    },
    {
      "name": "britain_tent_1_rendinst",
      "tm": [
        [0.939693,0.0,-0.34202],
        [0.0,1.0,0.0],
        [0.34202,0.0,0.939693],
        [425.447,0.0,-299.416]
      ]
    },
    {
      "name": "britain_control_tower_1_rendinst",
      "tm": [
        [0.0171328,0.0,0.999853],
        [0.0,1.0,0.0],
        [-0.999853,0.0,0.0171328],
        [112.965,0.0,-275.034]
      ]
    },
    {
      "name": "britain_shed_rendinst",
      "tm": [
        [0.00660208,0.0,-0.999978],
        [0.0,1.0,0.0],
        [0.999978,0.0,0.00660208],
        [-10.2273,0.0,-245.106]
      ]
    },
    {
      "name": "britain_army_tent_rendinst",
      "tm": [
        [0.310186,0.0,0.950676],
        [0.0,1.0,0.0],
        [-0.950676,0.0,0.310186],
        [-202.441,0.0,-321.102]
      ]
    },
    {
      "name": "britain_tent_2_rendinst",
      "tm": [
        [-0.452894,0.0,0.891564],
        [0.0,1.0,0.0],
        [-0.891564,0.0,-0.452894],
        [-223.33,0.0,-282.739]
      ]
    },
    {
      "name": "britain_tent_1_rendinst",
      "tm": [
        [0.61663,0.0,0.787253],
        [0.0,1.0,0.0],
        [-0.787253,0.0,0.61663],
        [-237.988,0.0,-287.469]
      ]
    },
    {
      "name": "britain_big_army_tent_rendinst",
      "tm": [
        [-0.78471,0.0,0.619863],
        [0.0,1.0,0.0],
        [-0.619863,0.0,-0.78471],
        [-216.296,0.0,-303.017]
      ]
    },
    {
      "name": "britain_tent_1_rendinst",
      "tm": [
        [0.278589,0.0,0.96041],
        [0.0,1.0,0.0],
        [-0.96041,0.0,0.278589],
        [-196.654,0.0,-309.895]
      ]
    },
    {
      "name": "britain_tent_1_rendinst",
      "tm": [
        [-0.206708,0.0,0.978403],
        [0.0,1.0,0.0],
        [-0.978403,0.0,-0.206708],
        [-235.246,0.0,-317.77]
      ]
    },
    {
      "name": "britain_tent_1_rendinst",
      "tm": [
        [-0.787253,0.0,0.61663],
        [0.0,1.0,0.0],
        [-0.61663,0.0,-0.787253],
        [-201.818,0.0,-290.397]
      ]
    },
    {
      "name": "britain_tent_2_rendinst",
      "tm": [
        [-0.998564,0.0,0.0535641],
        [0.0,1.0,0.0],
        [-0.0535641,0.0,-0.998564],
        [-250.041,0.0,-303.443]
      ]
    },
    {
      "name": "britain_army_tent_rendinst",
      "tm": [
        [-0.600832,0.0,0.799375],
        [0.0,1.0,0.0],
        [-0.799375,0.0,-0.600832],
        [-191.337,0.0,-291.769]
      ]
    },
    {
      "name": "britain_tent_2_rendinst",
      "tm": [
        [0.992695,0.0,0.120649],
        [0.0,1.0,0.0],
        [-0.120649,0.0,0.992695],
        [-196.631,0.0,-300.024]
      ]
    },
    {
      "name": "britain_tent_1_rendinst",
      "tm": [
        [-0.998564,0.0,0.0535643],
        [0.0,1.0,0.0],
        [-0.0535643,0.0,-0.998564],
        [-215.203,0.0,-322.749]
      ]
    },
    {
      "name": "britain_army_tent_rendinst",
      "tm": [
        [0.310186,0.0,0.950676],
        [0.0,1.0,0.0],
        [-0.950676,0.0,0.310186],
        [-224.815,0.0,-322.041]
      ]
    },
    {
      "name": "britain_tent_1_rendinst",
      "tm": [
        [0.470557,0.0,0.88237],
        [0.0,1.0,0.0],
        [-0.88237,0.0,0.470557],
        [-243.277,0.0,-315.742]
      ]
    },
    {
      "name": "britain_tech_building_2_rendinst",
      "tm": [
        [-1.0,0.0,1.50996e-07],
        [0.0,1.0,0.0],
        [-1.50996e-07,0.0,-1.0],
        [288.965,0.0,-290.245]
      ]
    },
    {
      "name": "britain_tech_building_2_rendinst",
      "tm": [
        [-1.0,0.0,1.50996e-07],
        [0.0,1.0,0.0],
        [-1.50996e-07,0.0,-1.0],
        [2.41779,0.0,-306.506]
      ]
    },
    {
      "name": "britain_army_tent_rendinst",
      "tm": [
        [0.819152,0.0,-0.573577],
        [0.0,1.0,0.0],
        [0.573577,0.0,0.819152],
        [-734.113,0.0,-304.987]
      ]
    },
    {
      "name": "britain_army_tent_rendinst",
      "tm": [
        [0.939692,0.0,0.342021],
        [0.0,1.0,0.0],
        [-0.342021,0.0,0.939692],
        [-712.815,0.0,-327.067]
      ]
    },
    {
      "name": "britain_big_army_tent_rendinst",
      "tm": [
        [0.819152,0.0,-0.573577],
        [0.0,1.0,0.0],
        [0.573577,0.0,0.819152],
        [-702.338,0.0,-312.386]
      ]
    },
    {
      "name": "britain_tent_1_rendinst",
      "tm": [
        [0.996195,0.0,-0.0871557],
        [0.0,1.0,0.0],
        [0.0871557,0.0,0.996195],
        [-703.839,0.0,-294.617]
      ]
    },
    {
      "name": "britain_tent_2_rendinst",
      "tm": [
        [0.984808,0.0,0.173648],
        [0.0,1.0,0.0],
        [-0.173648,0.0,0.984808],
        [-676.156,0.0,-309.236]
      ]
    },
    {
      "name": "britain_tent_2_rendinst",
      "tm": [
        [0.34202,0.0,0.939693],
        [0.0,1.0,0.0],
        [-0.939693,0.0,0.34202],
        [-694.133,0.0,-293.305]
      ]
    },
    {
      "name": "britain_army_tent_rendinst",
      "tm": [
        [0.819152,0.0,-0.573577],
        [0.0,1.0,0.0],
        [0.573577,0.0,0.819152],
        [-722.431,0.0,-304.727]
      ]
    },
    {
      "name": "britain_tent_2_rendinst",
      "tm": [
        [0.258818,0.0,-0.965926],
        [0.0,1.0,0.0],
        [0.965926,0.0,0.258818],
        [-713.369,0.0,-296.083]
      ]
    },
    {
      "name": "britain_tent_1_rendinst",
      "tm": [
        [1.0,0.0,-2.38419e-07],
        [0.0,1.0,0.0],
        [2.38419e-07,0.0,1.0],
        [-703.968,0.0,-334.092]
      ]
    },
    {
      "name": "britain_tent_1_rendinst",
      "tm": [
        [0.573576,0.0,-0.819152],
        [0.0,1.0,0.0],
        [0.819152,0.0,0.573576],
        [-680.437,0.0,-300.834]
      ]
    },
    {
      "name": "britain_tent_1_rendinst",
      "tm": [
        [0.819152,0.0,0.573576],
        [0.0,1.0,0.0],
        [-0.573576,0.0,0.819152],
        [-678.122,0.0,-320.368]
      ]
    },
    {
      "name": "britain_army_tent_rendinst",
      "tm": [
        [0.939693,0.0,0.34202],
        [0.0,1.0,0.0],
        [-0.34202,0.0,0.939693],
        [437.344,0.0,-245.635]
      ]
    },
    {
      "name": "britain_army_tent_rendinst",
      "tm": [
        [0.258819,0.0,0.965926],
        [0.0,1.0,0.0],
        [-0.965926,0.0,0.258819],
        [447.906,0.0,-243.9]
      ]
    },
    {
      "name": "britain_big_army_tent_rendinst",
      "tm": [
        [0.939693,0.0,0.34202],
        [0.0,1.0,0.0],
        [-0.34202,0.0,0.939693],
        [443.403,0.0,-224.419]
      ]
    },
    {
      "name": "britain_tent_1_rendinst",
      "tm": [
        [0.642787,0.0,0.766045],
        [0.0,1.0,0.0],
        [-0.766045,0.0,0.642787],
        [426.474,0.0,-217.935]
      ]
    },
    {
      "name": "britain_tent_2_rendinst",
      "tm": [
        [0.422618,0.0,0.906308],
        [0.0,1.0,0.0],
        [-0.906308,0.0,0.422618],
        [450.328,0.0,-209.356]
      ]
    },
    {
      "name": "britain_tent_2_rendinst",
      "tm": [
        [-0.573576,0.0,0.819152],
        [0.0,1.0,0.0],
        [-0.819152,0.0,-0.573576],
        [430.966,0.0,-209.231]
      ]
    },
    {
      "name": "britain_army_tent_rendinst",
      "tm": [
        [0.939693,0.0,0.34202],
        [0.0,1.0,0.0],
        [-0.34202,0.0,0.939693],
        [423.442,0.0,-228.605]
      ]
    },
    {
      "name": "britain_tent_2_rendinst",
      "tm": [
        [0.939693,0.0,-0.34202],
        [0.0,1.0,0.0],
        [0.34202,0.0,0.939693],
        [458.548,0.0,-230.433]
      ]
    },
    {
      "name": "britain_tent_1_rendinst",
      "tm": [
        [0.573577,0.0,0.819152],
        [0.0,1.0,0.0],
        [-0.819152,0.0,0.573577],
        [454.612,0.0,-236.87]
      ]
    },
    {
      "name": "britain_tent_1_rendinst",
      "tm": [
        [1.0,0.0,0.0],
        [0.0,1.0,0.0],
        [0.0,0.0,1.0],
        [440.153,0.0,-209.528]
      ]
    },
    {
      "name": "britain_tent_1_rendinst",
      "tm": [
        [3.13916e-07,0.0,1.0],
        [0.0,1.0,0.0],
        [-1.0,0.0,3.13916e-07],
        [460.35,0.0,-223.121]
      ]
    },
    {
      "name": "britain_hangar_2_rendinst",
      "tm": [
        [-1.0,0.0,-1.50996e-07],
        [0.0,1.0,0.0],
        [1.50996e-07,0.0,-1.0],
        [-75.8614,0.0,-306.32]
      ]
    },
    {
      "name": "britain_hangar_2_rendinst",
      "tm": [
        [-0.0416854,0.0,0.999131],
        [0.0,1.0,0.0],
        [-0.999131,0.0,-0.0416854],
        [-91.2242,0.0,-267.589]
      ]
    },
    {
      "name": "britain_hangar_2_rendinst",
      "tm": [
        [1.19249e-08,0.0,1.0],
        [0.0,1.0,0.0],
        [-1.0,0.0,1.19249e-08],
        [-91.2242,0.0,-244.629]
      ]
    },
    {
      "name": "britain_windvane_rendinst",
      "tm": [
        [-0.709277,0.0,-0.70493],
        [0.0,1.0,0.0],
        [0.70493,0.0,-0.709277],
        [-747.865,0.0,424.112]
      ]
    },
    {
      "name": "britain_hangar_2_rendinst",
      "tm": [
        [1.19249e-08,0.0,1.0],
        [0.0,1.0,0.0],
        [-1.0,0.0,1.19249e-08],
        [-91.2242,0.0,-291.064]
      ]
    },
    {
      "name": "britain_windvane_rendinst",
      "tm": [
        [-0.709277,0.0,-0.70493],
        [0.0,1.0,0.0],
        [0.70493,0.0,-0.709277],
        [396.537,0.0,397.393]
      ]
    },
    {
      "name": "britain_control_tower_1_rendinst",
      "tm": [
        [1.94707e-07,0.0,1.0],
        [0.0,1.0,0.0],
        [-1.0,0.0,1.94707e-07],
        [483.419,0.0,261.728]
      ]
    },
    {
      "name": "britain_control_tower_1_rendinst",
      "tm": [
        [-4.64912e-07,0.0,-1.0],
        [0.0,1.0,0.0],
        [1.0,0.0,-4.64912e-07],
        [-427.225,0.0,-101.657]
      ]
    },
    {
      "name": "britain_control_tower_1_rendinst",
      "tm": [
        [-0.866025,0.0,0.5],
        [0.0,1.0,0.0],
        [-0.5,0.0,-0.866025],
        [491.243,0.0,-275.756]
      ]
    },
    {
      "name": "britain_control_tower_1_rendinst",
      "tm": [
        [1.94707e-07,0.0,1.0],
        [0.0,1.0,0.0],
        [-1.0,0.0,1.94707e-07],
        [-675.293,0.0,-351.537]
      ]
    },
    {
      "name": "britain_army_tent_rendinst",
      "tm": [
        [-0.965926,0.0,-0.258818],
        [0.0,1.0,0.0],
        [0.258818,0.0,-0.965926],
        [-737.355,0.0,-315.833]
      ]
    },
    {
      "name": "britain_tent_1_rendinst",
      "tm": [
        [-0.0871559,0.0,-0.996195],
        [0.0,1.0,0.0],
        [0.996195,0.0,-0.0871559],
        [-763.361,0.0,-333.871]
      ]
    },
    {
      "name": "britain_big_army_tent_rendinst",
      "tm": [
        [-0.965926,0.0,-0.258818],
        [0.0,1.0,0.0],
        [0.258818,0.0,-0.965926],
        [-744.122,0.0,-330.303]
      ]
    },
    {
      "name": "britain_tent_2_rendinst",
      "tm": [
        [-0.5,0.0,-0.866025],
        [0.0,1.0,0.0],
        [0.866025,0.0,-0.5],
        [-754.576,0.0,-348.458]
      ]
    },
    {
      "name": "britain_army_tent_rendinst",
      "tm": [
        [-0.34202,0.0,-0.939693],
        [0.0,1.0,0.0],
        [0.939693,0.0,-0.34202],
        [-749.153,0.0,-314.256]
      ]
    },
    {
      "name": "britain_tent_2_rendinst",
      "tm": [
        [-0.906307,0.0,0.422619],
        [0.0,1.0,0.0],
        [-0.422619,0.0,-0.906307],
        [-770.817,0.0,-323.294]
      ]
    },
    {
      "name": "britain_tent_1_rendinst",
      "tm": [
        [-0.642788,0.0,-0.766044],
        [0.0,1.0,0.0],
        [0.766044,0.0,-0.642788],
        [-760.475,0.0,-315.579]
      ]
    },
    {
      "name": "britain_tent_1_rendinst",
      "tm": [
        [-0.996195,0.0,0.0871563],
        [0.0,1.0,0.0],
        [-0.0871563,0.0,-0.996195],
        [-744.426,0.0,-349.172]
      ]
    },
    {
      "name": "britain_army_tent_rendinst",
      "tm": [
        [-0.965926,0.0,-0.258818],
        [0.0,1.0,0.0],
        [0.258818,0.0,-0.965926],
        [-723.278,0.0,-332.857]
      ]
    },
    {
      "name": "britain_tent_1_rendinst",
      "tm": [
        [-0.707107,0.0,-0.707107],
        [0.0,1.0,0.0],
        [0.707107,0.0,-0.707107],
        [-730.065,0.0,-341.99]
      ]
    },
    {
      "name": "britain_tent_2_rendinst",
      "tm": [
        [0.5,0.0,-0.866026],
        [0.0,1.0,0.0],
        [0.866026,0.0,0.5],
        [-735.299,0.0,-350.269]
      ]
    },
    {
      "name": "britain_trailer_rendinst",
      "tm": [
        [-0.999308,0.0,0.0371873],
        [0.0,1.0,0.0],
        [-0.0371873,0.0,-0.999308],
        [55.1407,0.0,-305.636]
      ]
    },
    {
      "name": "britain_trailer_rendinst",
      "tm": [
        [-0.999908,0.0,0.0135867],
        [0.0,1.0,0.0],
        [-0.0135867,0.0,-0.999908],
        [64.1487,0.0,-305.636]
      ]
    },
    {
      "name": "britain_trailer_rendinst",
      "tm": [
        [-1.0,0.0,-0.000126688],
        [0.0,1.0,0.0],
        [0.000126688,0.0,-1.0],
        [73.1568,0.0,-305.636]
      ]
    },
    {
      "name": "britain_trailer_rendinst",
      "tm": [
        [-0.989606,0.0,0.143802],
        [0.0,1.0,0.0],
        [-0.143802,0.0,-0.989606],
        [82.1649,0.0,-305.636]
      ]
    },
    {
      "name": "britain_trailer_rendinst",
      "tm": [
        [0.00138743,0.0,0.999999],
        [0.0,1.0,0.0],
        [-0.999999,0.0,0.00138743],
        [204.507,0.0,-250.915]
      ]
    },
    {
      "name": "britain_hangar_2_rendinst",
      "tm": [
        [0.0188087,0.0,0.999823],
        [0.0,1.0,0.0],
        [-0.999823,0.0,0.0188087],
        [214.382,0.0,-266.018]
      ]
    },
    {
      "name": "britain_hangar_2_rendinst",
      "tm": [
        [1.19249e-08,0.0,1.0],
        [0.0,1.0,0.0],
        [-1.0,0.0,1.19249e-08],
        [214.382,0.0,-287.532]
      ]
    },
    {
      "name": "britain_tech_building_1_rendinst",
      "tm": [
        [0.0488106,0.0,0.998808],
        [0.0,1.0,0.0],
        [-0.998808,0.0,0.0488106],
        [23.742,0.0,-289.222]
      ]
    },
    {
      "name": "britain_trailer_rendinst",
      "tm": [
        [0.00138743,0.0,0.999999],
        [0.0,1.0,0.0],
        [-0.999999,0.0,0.00138743],
        [-2.29978,-0.2066,-239.929]
      ]
    },
    {
      "name": "britain_hangar_1_rendinst",
      "tm": [
        [-0.000242873,0.0,1.0],
        [0.0,1.0,0.0],
        [-1.0,0.0,-0.000242873],
        [-422.951,0.0,-315.222]
      ]
    },
    {
      "name": "britain_hangar_1_rendinst",
      "tm": [
        [-0.000242873,0.0,1.0],
        [0.0,1.0,0.0],
        [-1.0,0.0,-0.000242873],
        [7.18521,0.0,-213.92]
      ]
    },
    {
      "name": "britain_hangar_1_rendinst",
      "tm": [
        [0.000243024,0.0,-1.0],
        [0.0,1.0,0.0],
        [1.0,0.0,0.000243024],
        [-597.855,0.0,-69.5527]
      ]
    },
    {
      "name": "britain_hangar_1_rendinst",
      "tm": [
        [0.000243024,0.0,-1.0],
        [0.0,1.0,0.0],
        [1.0,0.0,0.000243024],
        [-637.802,0.0,-69.5527]
      ]
    },
    {
      "name": "britain_hangar_1_rendinst",
      "tm": [
        [0.000243024,0.0,-1.0],
        [0.0,1.0,0.0],
        [1.0,0.0,0.000243024],
        [-558.054,0.0,-69.5527]
      ]
    },
    {
      "name": "britain_hangar_1_rendinst",
      "tm": [
        [0.000243024,0.0,-1.0],
        [0.0,1.0,0.0],
        [1.0,0.0,0.000243024],
        [-504.38,0.0,-69.5527]
      ]
    },
    {
      "name": "britain_trailer_rendinst",
      "tm": [
        [-1.0,0.0,-0.000126688],
        [0.0,1.0,0.0],
        [0.000126688,0.0,-1.0],
        [55.1407,0.0,-290.329]
      ]
    },
    {
      "name": "britain_trailer_rendinst",
      "tm": [
        [-0.997737,0.0,-0.0672375],
        [0.0,1.0,0.0],
        [0.0672375,0.0,-0.997737],
        [64.1487,0.0,-290.329]
      ]
    },
    {
      "name": "britain_trailer_rendinst",
      "tm": [
        [-1.0,0.0,-0.000126688],
        [0.0,1.0,0.0],
        [0.000126688,0.0,-1.0],
        [73.1568,0.0,-290.329]
      ]
    },
    {
      "name": "britain_trailer_rendinst",
      "tm": [
        [-1.0,0.0,-0.000126688],
        [0.0,1.0,0.0],
        [0.000126688,0.0,-1.0],
        [80.9664,0.0,-290.991]
      ]
    },
    {
      "name": "britain_trailer_rendinst",
      "tm": [
        [-0.993869,0.0,0.110567],
        [0.0,1.0,0.0],
        [-0.110567,0.0,-0.993869],
        [55.1438,0.0,-276.268]
      ]
    },
    {
      "name": "britain_trailer_rendinst",
      "tm": [
        [-1.0,0.0,-0.000126688],
        [0.0,1.0,0.0],
        [0.000126688,0.0,-1.0],
        [64.1487,0.0,-275.424]
      ]
    },
    {
      "name": "britain_trailer_rendinst",
      "tm": [
        [-0.9997,0.0,-0.024503],
        [0.0,1.0,0.0],
        [0.024503,0.0,-0.9997],
        [73.1499,0.0,-275.002]
      ]
    },
    {
      "name": "britain_trailer_rendinst",
      "tm": [
        [-0.998968,0.0,0.0454266],
        [0.0,1.0,0.0],
        [-0.0454266,0.0,-0.998968],
        [82.1649,0.0,-275.424]
      ]
    },
    {
      "name": "britain_trailer_rendinst",
      "tm": [
        [-1.0,0.0,-0.000126688],
        [0.0,1.0,0.0],
        [0.000126688,0.0,-1.0],
        [55.1407,0.0,-260.519]
      ]
    },
    {
      "name": "britain_trailer_rendinst",
      "tm": [
        [-1.0,0.0,-0.000126688],
        [0.0,1.0,0.0],
        [0.000126688,0.0,-1.0],
        [64.2324,0.0,-261.029]
      ]
    },
    {
      "name": "britain_trailer_rendinst",
      "tm": [
        [-0.996184,0.0,-0.0872819],
        [0.0,1.0,0.0],
        [0.0872819,0.0,-0.996184],
        [73.1568,0.0,-260.519]
      ]
    },
    {
      "name": "britain_trailer_rendinst",
      "tm": [
        [-0.999999,0.0,0.00127188],
        [0.0,1.0,0.0],
        [-0.00127188,0.0,-0.999999],
        [82.1649,0.0,-260.519]
      ]
    },
    {
      "name": "britain_trailer_rendinst",
      "tm": [
        [-1.0,0.0,-0.000126688],
        [0.0,1.0,0.0],
        [0.000126688,0.0,-1.0],
        [144.237,0.0,-305.926]
      ]
    },
    {
      "name": "britain_trailer_rendinst",
      "tm": [
        [-0.998325,0.0,-0.0578575],
        [0.0,1.0,0.0],
        [0.0578575,0.0,-0.998325],
        [153.245,0.0,-305.926]
      ]
    },
    {
      "name": "britain_trailer_rendinst",
      "tm": [
        [-0.999978,0.0,0.00659476],
        [0.0,1.0,0.0],
        [-0.00659476,0.0,-0.999978],
        [162.163,0.0,-306.255]
      ]
    },
    {
      "name": "britain_trailer_rendinst",
      "tm": [
        [-0.999547,0.0,0.0300988],
        [0.0,1.0,0.0],
        [-0.0300988,0.0,-0.999547],
        [171.261,0.0,-305.926]
      ]
    },
    {
      "name": "britain_trailer_rendinst",
      "tm": [
        [-1.0,0.0,-0.000126688],
        [0.0,1.0,0.0],
        [0.000126688,0.0,-1.0],
        [144.237,0.0,-290.619]
      ]
    },
    {
      "name": "britain_trailer_rendinst",
      "tm": [
        [-1.0,0.0,-0.000126688],
        [0.0,1.0,0.0],
        [0.000126688,0.0,-1.0],
        [153.245,0.0,-290.619]
      ]
    },
    {
      "name": "britain_trailer_rendinst",
      "tm": [
        [-0.996206,0.0,0.0870295],
        [0.0,1.0,0.0],
        [-0.0870295,0.0,-0.996206],
        [162.253,0.0,-290.619]
      ]
    },
    {
      "name": "britain_trailer_rendinst",
      "tm": [
        [-1.0,0.0,-0.000126688],
        [0.0,1.0,0.0],
        [0.000126688,0.0,-1.0],
        [171.261,0.0,-290.619]
      ]
    },
    {
      "name": "britain_trailer_rendinst",
      "tm": [
        [-0.996618,0.0,0.0821785],
        [0.0,1.0,0.0],
        [-0.0821785,0.0,-0.996618],
        [144.237,0.0,-275.714]
      ]
    },
    {
      "name": "britain_trailer_rendinst",
      "tm": [
        [-1.0,0.0,-0.000126688],
        [0.0,1.0,0.0],
        [0.000126688,0.0,-1.0],
        [152.64,0.0,-275.413]
      ]
    },
    {
      "name": "britain_trailer_rendinst",
      "tm": [
        [-1.0,0.0,-0.000126688],
        [0.0,1.0,0.0],
        [0.000126688,0.0,-1.0],
        [162.253,0.0,-275.714]
      ]
    },
    {
      "name": "britain_trailer_rendinst",
      "tm": [
        [-0.999422,0.0,0.0339859],
        [0.0,1.0,0.0],
        [-0.0339859,0.0,-0.999422],
        [171.261,0.0,-275.714]
      ]
    },
    {
      "name": "britain_trailer_rendinst",
      "tm": [
        [-0.99978,0.0,0.0209713],
        [0.0,1.0,0.0],
        [-0.0209713,0.0,-0.99978],
        [144.237,0.0,-260.809]
      ]
    },
    {
      "name": "britain_trailer_rendinst",
      "tm": [
        [-1.0,0.0,-0.000126688],
        [0.0,1.0,0.0],
        [0.000126688,0.0,-1.0],
        [153.301,0.0,-261.169]
      ]
    },
    {
      "name": "britain_army_tent_rendinst",
      "tm": [
        [-4.64912e-07,0.0,1.0],
        [0.0,1.0,0.0],
        [-1.0,0.0,-4.64912e-07],
        [-150.008,0.0,-310.373]
      ]
    },
    {
      "name": "britain_tent_2_rendinst",
      "tm": [
        [-0.707107,0.0,0.707107],
        [0.0,1.0,0.0],
        [-0.707107,0.0,-0.707107],
        [-180.064,0.0,-287.988]
      ]
    },
    {
      "name": "britain_tent_1_rendinst",
      "tm": [
        [0.34202,0.0,0.939693],
        [0.0,1.0,0.0],
        [-0.939693,0.0,0.34202],
        [-181.157,0.0,-297.81]
      ]
    },
    {
      "name": "britain_big_army_tent_rendinst",
      "tm": [
        [-4.64912e-07,0.0,1.0],
        [0.0,1.0,0.0],
        [-1.0,0.0,-4.64912e-07],
        [-166.024,0.0,-299.052]
      ]
    },
    {
      "name": "britain_army_tent_rendinst",
      "tm": [
        [-4.64912e-07,0.0,1.0],
        [0.0,1.0,0.0],
        [-1.0,0.0,-4.64912e-07],
        [-162.52,0.0,-331.971]
      ]
    },
    {
      "name": "britain_tent_1_rendinst",
      "tm": [
        [-0.5,0.0,0.866025],
        [0.0,1.0,0.0],
        [-0.866025,0.0,-0.5],
        [-176.475,0.0,-312.176]
      ]
    },
    {
      "name": "britain_tent_1_rendinst",
      "tm": [
        [-0.965926,0.0,-0.25882],
        [0.0,1.0,0.0],
        [0.25882,0.0,-0.965926],
        [-161.02,0.0,-315.586]
      ]
    },
    {
      "name": "britain_tent_2_rendinst",
      "tm": [
        [-0.965926,0.0,-0.25882],
        [0.0,1.0,0.0],
        [0.25882,0.0,-0.965926],
        [-185.387,0.0,-306.747]
      ]
    },
    {
      "name": "britain_army_tent_rendinst",
      "tm": [
        [-4.64912e-07,0.0,1.0],
        [0.0,1.0,0.0],
        [-1.0,0.0,-4.64912e-07],
        [-169.755,0.0,-319.634]
      ]
    },
    {
      "name": "britain_tent_2_rendinst",
      "tm": [
        [0.906308,0.0,0.422619],
        [0.0,1.0,0.0],
        [-0.422619,0.0,0.906308],
        [-149.814,0.0,-294.268]
      ]
    },
    {
      "name": "britain_army_tent_rendinst",
      "tm": [
        [-0.819152,0.0,0.573576],
        [0.0,1.0,0.0],
        [-0.573576,0.0,-0.819152],
        [-147.016,0.0,-300.056]
      ]
    },
    {
      "name": "britain_tent_1_rendinst",
      "tm": [
        [-0.939693,0.0,0.342019],
        [0.0,1.0,0.0],
        [-0.342019,0.0,-0.939693],
        [-157.394,0.0,-280.918]
      ]
    },
    {
      "name": "britain_tent_2_rendinst",
      "tm": [
        [-0.173648,0.0,-0.984808],
        [0.0,1.0,0.0],
        [0.984808,0.0,-0.173648],
        [-153.702,0.0,-339.897]
      ]
    },
    {
      "name": "britain_tent_1_rendinst",
      "tm": [
        [0.173648,0.0,0.984808],
        [0.0,1.0,0.0],
        [-0.984808,0.0,0.173648],
        [-190.257,0.0,-318.89]
      ]
    },
    {
      "name": "britain_tent_2_rendinst",
      "tm": [
        [-0.996195,0.0,0.0871556],
        [0.0,1.0,0.0],
        [-0.0871556,0.0,-0.996195],
        [-190.851,0.0,-327.804]
      ]
    },
    {
      "name": "britain_tent_1_rendinst",
      "tm": [
        [0.173648,0.0,0.984808],
        [0.0,1.0,0.0],
        [-0.984808,0.0,0.173648],
        [-191.823,0.0,-335.262]
      ]
    },
    {
      "name": "britain_tent_1_rendinst",
      "tm": [
        [0.906308,0.0,0.422619],
        [0.0,1.0,0.0],
        [-0.422619,0.0,0.906308],
        [-178.266,0.0,-278.208]
      ]
    },
    {
      "name": "britain_shed_rendinst",
      "tm": [
        [0.00660208,0.0,-0.999978],
        [0.0,1.0,0.0],
        [0.999978,0.0,0.00660208],
        [-177.314,-0.146093,-342.716]
      ]
    },
    {
      "name": "britain_shed_rendinst",
      "tm": [
        [0.892063,0.0,0.451912],
        [0.0,1.0,0.0],
        [-0.451912,0.0,0.892063],
        [-583.071,0.0,-299.488]
      ]
    },
    {
      "name": "britain_shed_rendinst",
      "tm": [
        [0.761362,0.0,-0.648328],
        [0.0,1.0,0.0],
        [0.648328,0.0,0.761362],
        [98.7799,0.0,-286.673]
      ]
    },
    {
      "name": "britain_hangar_1_rendinst",
      "tm": [
        [-0.000242873,0.0,1.0],
        [0.0,1.0,0.0],
        [-1.0,0.0,-0.000242873],
        [-443.862,0.0,-315.222]
      ]
    },
    {
      "name": "britain_hangar_1_rendinst",
      "tm": [
        [0.363327,0.0,0.931662],
        [0.0,1.0,0.0],
        [-0.931662,0.0,0.363327],
        [-474.628,0.0,-307.745]
      ]
    },
    {
      "name": "britain_hangar_1_rendinst",
      "tm": [
        [-0.000242873,0.0,1.0],
        [0.0,1.0,0.0],
        [-1.0,0.0,-0.000242873],
        [-37.2749,-0.00680971,-344.483]
      ]
    },
    {
      "name": "britain_hangar_1_rendinst",
      "tm": [
        [-0.000242873,0.0,1.0],
        [0.0,1.0,0.0],
        [-1.0,0.0,-0.000242873],
        [-58.1865,0.0,-344.483]
      ]
    },
    {
      "name": "britain_hangar_1_rendinst",
      "tm": [
        [-0.000242873,0.0,1.0],
        [0.0,1.0,0.0],
        [-1.0,0.0,-0.000242873],
        [-16.5487,0.0,-344.483]
      ]
    },
    {
      "name": "britain_hangar_1_rendinst",
      "tm": [
        [0.999961,0.0,-0.008775],
        [0.0,1.0,0.0],
        [0.008775,0.0,0.999961],
        [167.927,0.0,-260.961]
      ]
    },
    {
      "name": "britain_windvane_rendinst",
      "tm": [
        [-0.709277,0.0,-0.70493],
        [0.0,1.0,0.0],
        [0.70493,0.0,-0.709277],
        [401.028,0.0,90.1734]
      ]
    },
    {
      "name": "britain_windvane_rendinst",
      "tm": [
        [-0.709277,0.0,-0.70493],
        [0.0,1.0,0.0],
        [0.70493,0.0,-0.709277],
        [-745.552,0.0,90.1734]
      ]
    },
    {
      "name": "britain_army_tent_rendinst",
      "tm": [
        [-0.926096,0.0,0.377288],
        [0.0,1.0,0.0],
        [-0.377288,0.0,-0.926096],
        [-789.198,0.0,-341.815]
      ]
    },
    {
      "name": "britain_army_tent_rendinst",
      "tm": [
        [-0.840243,0.0,-0.54221],
        [0.0,1.0,0.0],
        [0.54221,0.0,-0.840243],
        [-797.064,0.0,-314.057]
      ]
    },
    {
      "name": "britain_big_army_tent_rendinst",
      "tm": [
        [-0.926096,0.0,0.377288],
        [0.0,1.0,0.0],
        [-0.377288,0.0,-0.926096],
        [-806.804,0.0,-331.519]
      ]
    },
    {
      "name": "britain_tent_1_rendinst",
      "tm": [
        [-0.990667,0.0,-0.136307],
        [0.0,1.0,0.0],
        [0.136307,0.0,-0.990667],
        [-798.608,0.0,-347.689]
      ]
    },
    {
      "name": "britain_tent_2_rendinst",
      "tm": [
        [-0.921632,0.0,-0.388066],
        [0.0,1.0,0.0],
        [0.388066,0.0,-0.921632],
        [-822.048,0.0,-338.035]
      ]
    },
    {
      "name": "britain_tent_2_rendinst",
      "tm": [
        [-0.124741,0.0,-0.992189],
        [0.0,1.0,0.0],
        [0.992189,0.0,-0.124741],
        [-807.78,0.0,-351.125]
      ]
    },
    {
      "name": "britain_tent_1_rendinst",
      "tm": [
        [-0.741205,0.0,0.671278],
        [0.0,1.0,0.0],
        [-0.671278,0.0,-0.741205],
        [-814.391,0.0,-344.737]
      ]
    },
    {
      "name": "britain_tent_2_rendinst",
      "tm": [
        [-0.466914,0.0,0.884302],
        [0.0,1.0,0.0],
        [-0.884302,0.0,-0.466914],
        [-813.992,0.0,-316.895]
      ]
    },
    {
      "name": "britain_tent_1_rendinst",
      "tm": [
        [-0.975017,0.0,-0.22213],
        [0.0,1.0,0.0],
        [0.22213,0.0,-0.975017],
        [-806.754,0.0,-314.766]
      ]
    },
    {
      "name": "britain_tent_1_rendinst",
      "tm": [
        [-0.671278,0.0,-0.741205],
        [0.0,1.0,0.0],
        [0.741205,0.0,-0.671278],
        [-820.236,0.0,-321.104]
      ]
    },
    {
      "name": "britain_army_tent_rendinst",
      "tm": [
        [-0.926096,0.0,0.377288],
        [0.0,1.0,0.0],
        [-0.377288,0.0,-0.926096],
        [-788.07,0.0,-319.861]
      ]
    },
    {
      "name": "britain_control_tower_1_rendinst",
      "tm": [
        [0.976853,0.0,-0.213913],
        [0.0,1.0,0.0],
        [0.213913,0.0,0.976853],
        [-958.408,0.0,-287.447]
      ]
    },
    {
      "name": "britain_hangar_3_rendinst",
      "tm": [
        [-1.0,0.0,1.50996e-07],
        [0.0,1.0,0.0],
        [-1.50996e-07,0.0,-1.0],
        [265.115,-0.0112385,-333.376]
      ]
    },
    {
      "name": "britain_hangar_3_rendinst",
      "tm": [
        [-1.0,0.0,1.50996e-07],
        [0.0,1.0,0.0],
        [-1.50996e-07,0.0,-1.0],
        [313.723,-0.0112385,-332.459]
      ]
    },
    {
      "name": "britain_hangar_3_rendinst",
      "tm": [
        [1.94707e-07,0.0,1.0],
        [0.0,1.0,0.0],
        [-1.0,0.0,1.94707e-07],
        [349.295,-0.0112385,-296.728]
      ]
    },
    {
      "tm": [
        [3e-07,0.0,-4.0],
        [0.0,2.0,0.0],
        [4.0,0.0,3e-07],
        [-750.5345,-0.0057495,354.4553]
      ],
      "name": ">airfield_flight_light_green"
    },
    {
      "tm": [
        [2.0,0.0,0.0],
        [0.0,2.0,0.0],
        [0.0,0.0,2.0],
        [-750.5345,-0.0057495,354.4553]
      ],
      "name": ">airfield_flight_light_green"
    },
    {
      "tm": [
        [2.0,0.0,0.0],
        [0.0,2.0,0.0],
        [0.0,0.0,2.0],
        [-750.5345,-0.0057495,303.2376]
      ],
      "name": ">airfield_flight_light_green"
    },
    {
      "tm": [
        [2.0,0.0,0.0],
        [0.0,2.0,0.0],
        [0.0,0.0,2.0],
        [-750.5345,-0.0057495,306.2504]
      ],
      "name": ">airfield_flight_light_green"
    },
    {
      "tm": [
        [2.0,0.0,0.0],
        [0.0,2.0,0.0],
        [0.0,0.0,2.0],
        [-750.5345,-0.0057495,309.2632]
      ],
      "name": ">airfield_flight_light_green"
    },
    {
      "tm": [
        [2.0,0.0,0.0],
        [0.0,2.0,0.0],
        [0.0,0.0,2.0],
        [-750.5345,-0.0057495,312.2761]
      ],
      "name": ">airfield_flight_light_green"
    },
    {
      "tm": [
        [2.0,0.0,0.0],
        [0.0,2.0,0.0],
        [0.0,0.0,2.0],
        [-750.5345,-0.0057495,315.2889]
      ],
      "name": ">airfield_flight_light_green"
    },
    {
      "tm": [
        [2.0,0.0,0.0],
        [0.0,2.0,0.0],
        [0.0,0.0,2.0],
        [-750.5345,-0.0057495,318.3016]
      ],
      "name": ">airfield_flight_light_green"
    },
    {
      "tm": [
        [2.0,0.0,0.0],
        [0.0,2.0,0.0],
        [0.0,0.0,2.0],
        [-750.5345,-0.0057495,321.3145]
      ],
      "name": ">airfield_flight_light_green"
    },
    {
      "tm": [
        [2.0,0.0,0.0],
        [0.0,2.0,0.0],
        [0.0,0.0,2.0],
        [-750.5345,-0.0057495,324.3273]
      ],
