{
  "className": "composit",
  "size": [1024.0,256.0],
  "airfield": {
    "start": [434.0,0.0,129.0],
    "end": [-722.0,0.0,129.0],
    "width": 80.0,
    "spawn": [
      [217.0,0.0,121.0],
      [230.0,0.0,147.0],
      [241.0,0.0,121.0],
      [253.0,0.0,147.0],
      [264.0,0.0,121.0],
      [277.0,0.0,147.0],
      [288.0,0.0,121.0],
      [200.0,0.0,147.0],
      [313.0,0.0,121.0],
      [326.0,0.0,147.0],
      [339.0,0.0,121.0],
      [352.0,0.0,147.0],
      [365.0,0.0,121.0],
      [378.0,0.0,147.0],
      [391.0,0.0,121.0],
      [404.0,0.0,147.0]
    ],
    "repairTags": {
      "type_attack_helicopter": false,
      "type_utility_helicopter": false
    }
  },
  "node": [
    {
      "name": "^^dynaf_britain_ally_1line_mesh",
      "tm": [
        [1.0,0.0,0.0],
        [0.0,1.0,0.0],
        [0.0,0.0,1.0],
        [0.0,0.0,0.0]
      ]
    },
    {
      "name": "+NoTreesBox000",
      "tm": [
        [800.0,0.0,0.0],
        [0.0,15.0,0.0],
        [0.0,0.0,50.0],
        [-145.0,0.0,130.0]
      ]
    },
    {
      "name": "+NoTreesBox001",
      "tm": [
        [480.0,0.0,0.0],
        [0.0,15.0,0.0],
        [0.0,0.0,180.0],
        [-187.0,0.0,-50.0]
      ]
    },
    {
      "name": "us_mbase_hangar1b",
      "tm": [
        [-1.0,0.0,1.50996e-07],
        [0.0,1.0,0.0],
        [-1.50996e-07,0.0,-1.0],
        [411.814,0.0,-98.3629]
      ]
    },
    {
      "name": "us_mbase_hangar1b",
      "tm": [
        [-1.0,0.0,1.50996e-07],
        [0.0,1.0,0.0],
        [-1.50996e-07,0.0,-1.0],
        [411.814,0.0,-144.644]
      ]
    },
    {
      "name": "us_mbase_hangar1b",
      "tm": [
        [-1.0,0.0,1.50996e-07],
        [0.0,1.0,0.0],
        [-1.50996e-07,0.0,-1.0],
        [411.814,0.0,-192.26]
      ]
    },
    {
      "name": "us_mbase_hangar1b",
      "tm": [
        [1.94707e-07,0.0,1.0],
        [0.0,1.0,0.0],
        [-1.0,0.0,1.94707e-07],
        [344.261,0.0,-233.274]
      ]
    },
    {
      "name": "us_mbase_hangar1b",
      "tm": [
        [1.94707e-07,0.0,1.0],
        [0.0,1.0,0.0],
        [-1.0,0.0,1.94707e-07],
        [287.103,0.0,-233.274]
      ]
    },
    {
      "name": "us_mbase_hangar1b",
      "tm": [
        [1.94707e-07,0.0,1.0],
        [0.0,1.0,0.0],
        [-1.0,0.0,1.94707e-07],
        [172.216,0.0,-196.624]
      ]
    },
    {
      "name": "us_mbase_hangar1b",
      "tm": [
        [1.0,0.0,-2.38419e-07],
        [0.0,1.0,0.0],
        [2.38419e-07,0.0,1.0],
        [-138.112,0.0,-233.194]
      ]
    },
    {
      "name": "us_mbase_hangar1b",
      "tm": [
        [1.0,0.0,-2.38419e-07],
        [0.0,1.0,0.0],
        [2.38419e-07,0.0,1.0],
        [-138.112,0.0,-146.386]
      ]
    },
    {
      "name": "us_mbase_hangar1b",
      "tm": [
        [-1.0,0.0,3.89414e-07],
        [0.0,1.0,0.0],
        [-3.89414e-07,0.0,-1.0],
        [-16.5587,0.0,-189.215]
      ]
    },
    {
      "name": "us_mbase_hangar1b",
      "tm": [
        [1.94707e-07,0.0,1.0],
        [0.0,1.0,0.0],
        [-1.0,0.0,1.94707e-07],
        [-397.738,0.0,-143.065]
      ]
    },
    {
      "name": "us_mbase_hangar1b",
      "tm": [
        [1.94707e-07,0.0,1.0],
        [0.0,1.0,0.0],
        [-1.0,0.0,1.94707e-07],
        [-481.179,0.0,-143.065]
      ]
    },
    {
      "name": "us_mbase_hangar1b",
      "tm": [
        [1.94707e-07,0.0,1.0],
        [0.0,1.0,0.0],
        [-1.0,0.0,1.94707e-07],
        [-564.885,0.0,-143.065]
      ]
    },
    {
      "name": "us_mbase_hangar1b",
      "tm": [
        [1.0,0.0,-2.38419e-07],
        [0.0,1.0,0.0],
        [2.38419e-07,0.0,1.0],
        [-714.752,0.0,-26.398]
      ]
    },
    {
      "name": "us_mbase_hangar3",
      "tm": [
        [1.94707e-07,0.0,1.0],
        [0.0,1.0,0.0],
        [-1.0,0.0,1.94707e-07],
        [-317.854,0.0,-242.979]
      ]
    },
    {
      "name": "us_mbase_hangar3",
      "tm": [
        [1.94707e-07,0.0,1.0],
        [0.0,1.0,0.0],
        [-1.0,0.0,1.94707e-07],
        [-631.031,0.0,-242.319]
      ]
    },
    {
      "name": "britain_hangar_1_rendinst",
      "tm": [
        [-1.62921e-07,0.0,-1.0],
        [0.0,1.0,0.0],
        [1.0,0.0,-1.62921e-07],
        [387.073,-0.0162578,-61.3782]
      ]
    },
    {
      "name": "britain_tech_building_2_rendinst",
      "tm": [
        [1.0,0.0,-1.74846e-07],
        [5.26265e-14,1.0,3.00989e-07],
        [1.74846e-07,-3.00989e-07,1.0],
        [362.178,-0.151296,-71.9229]
      ]
    },
    {
      "name": "britain_tech_building_1_rendinst",
      "tm": [
        [-0.0422446,-1.19103e-07,-0.999107],
        [-5.03145e-09,1.0,-1.18997e-07],
        [0.999107,0.0,-0.0422446],
        [-465.058,-0.304704,-214.162]
      ]
    },
    {
      "name": "britain_tech_building_1_rendinst",
      "tm": [
        [-0.00231538,0.0,-0.999997],
        [0.0,1.0,0.0],
        [0.999997,0.0,-0.00231538],
        [-500.234,-0.304704,-213.859]
      ]
    },
    {
      "name": "britain_army_tent_rendinst",
      "tm": [
        [1.0,0.0,0.0],
        [0.0,1.0,0.0],
        [0.0,0.0,1.0],
        [-559.606,-0.0794075,-270.82]
      ]
    },
    {
      "name": "britain_tent_2_rendinst",
      "tm": [
        [0.707107,0.0,0.707107],
        [0.0,1.0,0.0],
        [-0.707107,0.0,0.707107],
        [-537.221,-0.0794075,-240.765]
      ]
    },
    {
      "name": "britain_tent_1_rendinst",
      "tm": [
        [0.939693,0.0,-0.34202],
        [0.0,1.0,0.0],
        [0.34202,0.0,0.939693],
        [-547.043,-0.0794075,-239.672]
      ]
    },
    {
      "name": "britain_big_army_tent_rendinst",
      "tm": [
        [1.0,0.0,0.0],
        [0.0,1.0,0.0],
        [0.0,0.0,1.0],
        [-548.285,-0.0794075,-254.804]
      ]
    },
    {
      "name": "britain_tent_1_rendinst",
      "tm": [
        [0.422618,0.0,-0.906308],
        [0.0,1.0,0.0],
        [0.906308,0.0,0.422618],
        [-527.441,-0.0794075,-242.562]
      ]
    },
    {
      "name": "britain_tent_1_rendinst",
      "tm": [
        [0.866025,0.0,0.5],
        [0.0,1.0,0.0],
        [-0.5,0.0,0.866025],
        [-561.409,-0.0794075,-244.353]
      ]
    },
    {
      "name": "britain_tent_1_rendinst",
      "tm": [
        [-0.258819,0.0,0.965926],
        [0.0,1.0,0.0],
        [-0.965926,0.0,-0.258819],
        [-564.818,-0.0794075,-259.808]
      ]
    },
    {
      "name": "britain_tent_2_rendinst",
      "tm": [
        [-0.258819,0.0,0.965926],
        [0.0,1.0,0.0],
        [-0.965926,0.0,-0.258819],
        [-555.979,-0.0794075,-235.441]
      ]
    },
    {
      "name": "britain_army_tent_rendinst",
      "tm": [
        [1.0,0.0,0.0],
        [0.0,1.0,0.0],
        [0.0,0.0,1.0],
        [-568.867,-0.0794075,-251.074]
      ]
    },
    {
      "name": "britain_tent_2_rendinst",
      "tm": [
        [0.422618,0.0,-0.906308],
        [0.0,1.0,0.0],
        [0.906308,0.0,0.422618],
        [-543.5,-0.0794075,-271.014]
      ]
    },
    {
      "name": "britain_army_tent_rendinst",
      "tm": [
        [0.573576,0.0,0.819152],
        [0.0,1.0,0.0],
        [-0.819152,0.0,0.573576],
        [-549.289,-0.0794075,-273.813]
      ]
    },
    {
      "name": "britain_tent_1_rendinst",
      "tm": [
        [0.34202,0.0,0.939693],
        [0.0,1.0,0.0],
        [-0.939693,0.0,0.34202],
        [-530.151,-0.0794075,-263.435]
      ]
    },
    {
      "name": "britain_control_tower_1_rendinst",
      "tm": [
        [-1.0,0.0,1.50996e-07],
        [0.0,1.0,0.0],
        [-1.50996e-07,0.0,-1.0],
        [-683.953,-0.19531,-79.181]
      ]
    },
    {
      "name": "britain_tent_1_rendinst",
      "tm": [
        [-0.996195,0.0,0.0871559],
        [0.0,1.0,0.0],
        [-0.0871559,0.0,-0.996195],
        [-591.896,-0.0794075,-277.631]
      ]
    },
    {
      "name": "britain_tent_2_rendinst",
      "tm": [
        [-0.984808,0.0,0.173648],
        [0.0,1.0,0.0],
        [-0.173648,0.0,-0.984808],
        [-589.13,-0.0794075,-267.127]
      ]
    },
    {
      "name": "britain_army_tent_rendinst",
      "tm": [
        [1.0,0.0,0.0],
        [0.0,1.0,0.0],
        [0.0,0.0,1.0],
        [-581.203,-0.0794075,-258.309]
      ]
    },
    {
      "name": "britain_tent_1_rendinst",
      "tm": [
        [0.984808,0.0,-0.173648],
        [0.0,1.0,0.0],
        [0.173648,0.0,0.984808],
        [-584.495,-0.0794075,-229.005]
      ]
    },
    {
      "name": "britain_tent_2_rendinst",
      "tm": [
        [0.0871559,0.0,0.996195],
        [0.0,1.0,0.0],
        [-0.996195,0.0,0.0871559],
        [-577.036,-0.0794075,-229.978]
      ]
    },
    {
      "name": "britain_tent_1_rendinst",
      "tm": [
        [0.984808,0.0,-0.173648],
        [0.0,1.0,0.0],
        [0.173648,0.0,0.984808],
        [-568.122,-0.0794075,-230.572]
      ]
    },
    {
      "name": "britain_trailer_rendinst",
      "tm": [
        [0.707107,0.0,0.707107],
        [0.0,1.0,0.0],
        [-0.707107,0.0,0.707107],
        [-442.647,-0.424346,-243.203]
      ]
    },
    {
      "name": "britain_army_tent_rendinst",
      "tm": [
        [-1.62921e-07,0.0,-1.0],
        [0.0,1.0,0.0],
        [1.0,0.0,-1.62921e-07],
        [-700.356,-0.117841,-129.211]
      ]
    },
    {
      "name": "britain_tent_2_rendinst",
      "tm": [
        [0.707107,0.0,-0.707107],
        [0.0,1.0,0.0],
        [0.707107,0.0,0.707107],
        [-670.706,-0.117841,-153.821]
      ]
    },
    {
      "name": "britain_tent_1_rendinst",
      "tm": [
        [-0.34202,0.0,-0.939693],
        [0.0,1.0,0.0],
        [0.939693,0.0,-0.34202],
        [-667.388,-0.117841,-144.201]
      ]
    },
    {
      "name": "britain_big_army_tent_rendinst",
      "tm": [
        [-1.62921e-07,0.0,-1.0],
        [0.0,1.0,0.0],
        [1.0,0.0,-1.62921e-07],
        [-682.492,-0.117841,-142.162]
      ]
    },
    {
      "name": "britain_tent_1_rendinst",
      "tm": [
        [0.5,0.0,-0.866026],
        [0.0,1.0,0.0],
        [0.866026,0.0,0.5],
        [-670.609,-0.117841,-128.471]
      ]
    },
    {
      "name": "britain_tent_1_rendinst",
      "tm": [
        [0.573576,0.0,-0.819152],
        [0.0,1.0,0.0],
        [0.819152,0.0,0.573576],
        [-698.026,-0.117841,-148.436]
      ]
    },
    {
      "name": "britain_tent_2_rendinst",
      "tm": [
        [0.965926,0.0,0.258819],
        [0.0,1.0,0.0],
        [-0.258819,0.0,0.965926],
        [-663.966,-0.117841,-135.669]
      ]
    },
    {
      "name": "britain_army_tent_rendinst",
      "tm": [
        [-1.62921e-07,0.0,-1.0],
        [0.0,1.0,0.0],
        [1.0,0.0,-1.62921e-07],
        [-679.599,-0.117841,-121.973]
      ]
    },
    {
      "name": "britain_tent_2_rendinst",
      "tm": [
        [-0.642788,0.0,-0.766044],
        [0.0,1.0,0.0],
        [0.766044,0.0,-0.642788],
        [-693.323,-0.117841,-154.336]
      ]
    },
    {
      "name": "britain_army_tent_rendinst",
      "tm": [
        [0.819152,0.0,-0.573576],
        [0.0,1.0,0.0],
        [0.573576,0.0,0.819152],
        [-702.338,-0.117841,-139.731]
      ]
    },
    {
      "name": "britain_tent_1_rendinst",
      "tm": [
        [0.939693,0.0,-0.34202],
        [0.0,1.0,0.0],
        [0.34202,0.0,0.939693],
        [-687.069,-0.117841,-158.53]
      ]
    },
    {
      "name": "britain_control_tower_1_rendinst",
      "tm": [
        [0.0171328,0.0,0.999853],
        [0.0,1.0,0.0],
        [-0.999853,0.0,0.0171328],
        [104.526,-0.163501,198.961]
      ]
    },
    {
      "name": "britain_army_tent_rendinst",
      "tm": [
        [0.310186,0.0,0.950676],
        [0.0,1.0,0.0],
        [-0.950676,0.0,0.310186],
        [209.053,-0.0843857,-295.979]
      ]
    },
    {
      "name": "britain_tent_2_rendinst",
      "tm": [
        [-0.452894,0.0,0.891564],
        [0.0,1.0,0.0],
        [-0.891564,0.0,-0.452894],
        [188.164,-0.0843857,-257.615]
      ]
    },
    {
      "name": "britain_tent_1_rendinst",
      "tm": [
        [0.61663,0.0,0.787253],
        [0.0,1.0,0.0],
        [-0.787253,0.0,0.61663],
        [173.506,-0.0843857,-262.345]
      ]
    },
    {
      "name": "britain_big_army_tent_rendinst",
      "tm": [
        [-0.78471,0.0,0.619863],
        [0.0,1.0,0.0],
        [-0.619863,0.0,-0.78471],
        [195.199,-0.0843857,-277.893]
      ]
    },
    {
      "name": "britain_tent_1_rendinst",
      "tm": [
        [0.278589,0.0,0.96041],
        [0.0,1.0,0.0],
        [-0.96041,0.0,0.278589],
        [214.841,-0.0843857,-284.771]
      ]
    },
    {
      "name": "britain_tent_1_rendinst",
      "tm": [
        [-0.206708,0.0,0.978403],
        [0.0,1.0,0.0],
        [-0.978403,0.0,-0.206708],
        [176.248,-0.0843857,-292.646]
      ]
    },
    {
      "name": "britain_tent_1_rendinst",
      "tm": [
        [-0.787253,0.0,0.61663],
        [0.0,1.0,0.0],
        [-0.61663,0.0,-0.787253],
        [209.677,-0.0843857,-265.273]
      ]
    },
    {
      "name": "britain_tent_2_rendinst",
      "tm": [
        [-0.998564,0.0,0.0535641],
        [0.0,1.0,0.0],
        [-0.0535641,0.0,-0.998564],
        [161.453,-0.0843857,-278.319]
      ]
    },
    {
      "name": "britain_army_tent_rendinst",
      "tm": [
        [-0.600832,0.0,0.799375],
        [0.0,1.0,0.0],
        [-0.799375,0.0,-0.600832],
        [220.157,-0.0843857,-266.645]
      ]
    },
    {
      "name": "britain_tent_2_rendinst",
      "tm": [
        [0.992695,0.0,0.120649],
        [0.0,1.0,0.0],
        [-0.120649,0.0,0.992695],
        [214.864,-0.0843857,-274.9]
      ]
    },
    {
      "name": "britain_tent_1_rendinst",
      "tm": [
        [-0.998564,0.0,0.0535643],
        [0.0,1.0,0.0],
        [-0.0535643,0.0,-0.998564],
        [196.291,-0.0843857,-297.625]
      ]
    },
    {
      "name": "britain_army_tent_rendinst",
      "tm": [
        [0.310186,0.0,0.950676],
        [0.0,1.0,0.0],
        [-0.950676,0.0,0.310186],
        [186.68,-0.0843857,-296.917]
      ]
    },
    {
      "name": "britain_tent_1_rendinst",
      "tm": [
        [0.470557,0.0,0.88237],
        [0.0,1.0,0.0],
        [-0.88237,0.0,0.470557],
        [168.217,-0.0843857,-290.618]
      ]
    },
    {
      "name": "britain_trailer_rendinst",
      "tm": [
        [0.697097,0.0,0.716977],
        [0.0,1.0,0.0],
        [-0.716977,0.0,0.697097],
        [-426.001,-0.424346,-243.493]
      ]
    },
    {
      "name": "britain_hangar_2_rendinst",
      "tm": [
        [1.19249e-08,0.0,1.0],
        [0.0,1.0,0.0],
        [-1.0,0.0,1.19249e-08],
        [109.2,-0.27308,-267.372]
      ]
    },
    {
      "name": "britain_tech_building_2_rendinst",
      "tm": [
        [-0.906308,0.0,0.422618],
        [0.0,1.0,0.0],
        [-0.422618,0.0,-0.906308],
        [-687.816,-0.103963,-241.988]
      ]
    },
    {
      "name": "britain_tech_building_1_rendinst",
      "tm": [
        [-0.0785246,0.0,-0.996912],
        [0.0,1.0,0.0],
        [0.996912,0.0,-0.0785246],
        [-481.926,-0.304704,-213.859]
      ]
    },
    {
      "name": "britain_windvane_rendinst",
      "tm": [
        [-0.984269,0.0,0.176674],
        [0.0,1.0,0.0],
        [-0.176674,0.0,-0.984269],
        [305.849,0.463725,185.983]
      ]
    },
    {
      "name": "britain_hangar_2_rendinst",
      "tm": [
        [0.0506918,0.0,0.998714],
        [0.0,1.0,0.0],
        [-0.998714,0.0,0.0506918],
        [109.2,-0.27308,-236.424]
      ]
    },
    {
      "name": "britain_tech_building_2_rendinst",
      "tm": [
        [1.0,0.0,0.0],
        [0.0,1.0,0.0],
        [0.0,0.0,1.0],
        [-438.211,-0.172599,-171.183]
      ]
    },
    {
      "name": "britain_tech_building_2_rendinst",
      "tm": [
        [1.0,0.0,0.0],
        [0.0,1.0,0.0],
        [0.0,0.0,1.0],
        [-524.076,-0.140963,-171.183]
      ]
    },
    {
      "name": "britain_army_tent_rendinst",
      "tm": [
        [-1.0,0.0,5.6426e-07],
        [0.0,1.0,0.0],
        [-5.6426e-07,0.0,-1.0],
        [-734.375,-0.117841,-102.609]
      ]
    },
    {
      "name": "britain_army_tent_rendinst",
      "tm": [
        [-0.573576,0.0,-0.819152],
        [0.0,1.0,0.0],
        [0.819152,0.0,-0.573576],
        [-744.894,-0.117841,-100.627]
      ]
    },
    {
      "name": "britain_big_army_tent_rendinst",
      "tm": [
        [-1.0,0.0,5.6426e-07],
        [0.0,1.0,0.0],
        [-5.6426e-07,0.0,-1.0],
        [-747.325,-0.117841,-120.473]
      ]
    },
    {
      "name": "britain_tent_1_rendinst",
      "tm": [
        [-0.866025,0.0,-0.5],
        [0.0,1.0,0.0],
        [0.5,0.0,-0.866025],
        [-733.634,-0.117841,-132.357]
      ]
    },
    {
      "name": "britain_tent_2_rendinst",
      "tm": [
        [-0.707107,0.0,-0.707107],
        [0.0,1.0,0.0],
        [0.707107,0.0,-0.707107],
        [-758.984,-0.117841,-132.26]
      ]
    },
    {
      "name": "britain_tent_2_rendinst",
      "tm": [
        [0.258819,0.0,-0.965926],
        [0.0,1.0,0.0],
        [0.965926,0.0,0.258819],
        [-740.832,-0.117841,-138.999]
      ]
    },
    {
      "name": "britain_army_tent_rendinst",
      "tm": [
        [-1.0,0.0,5.6426e-07],
        [0.0,1.0,0.0],
        [-5.6426e-07,0.0,-1.0],
        [-727.136,-0.117841,-123.366]
      ]
    },
    {
      "name": "britain_tent_2_rendinst",
      "tm": [
        [-0.766044,0.0,0.642788],
        [0.0,1.0,0.0],
        [-0.642788,0.0,-0.766044],
        [-759.499,-0.117841,-109.642]
      ]
    },
    {
      "name": "britain_tent_1_rendinst",
      "tm": [
        [-0.819152,0.0,-0.573576],
        [0.0,1.0,0.0],
        [0.573576,0.0,-0.819152],
        [-753.6,-0.117841,-104.94]
      ]
    },
    {
      "name": "britain_tent_1_rendinst",
      "tm": [
        [-0.939692,0.0,0.342021],
        [0.0,1.0,0.0],
        [-0.342021,0.0,-0.939692],
        [-749.364,-0.117841,-135.577]
      ]
    },
    {
      "name": "britain_tent_1_rendinst",
      "tm": [
        [-0.34202,0.0,-0.939693],
        [0.0,1.0,0.0],
        [0.939693,0.0,-0.34202],
        [-763.694,-0.117841,-115.896]
      ]
    },
    {
      "name": "britain_army_tent_rendinst",
      "tm": [
        [-0.573576,0.0,-0.819152],
        [0.0,1.0,0.0],
        [0.819152,0.0,-0.573576],
        [-750.63,-0.117841,-162.401]
      ]
    },
    {
      "name": "britain_army_tent_rendinst",
      "tm": [
        [0.34202,0.0,-0.939693],
        [0.0,1.0,0.0],
        [0.939693,0.0,0.34202],
        [-758.287,-0.117841,-169.881]
      ]
    },
    {
      "name": "britain_big_army_tent_rendinst",
      "tm": [
        [-0.573576,0.0,-0.819152],
        [0.0,1.0,0.0],
        [0.819152,0.0,-0.573576],
        [-743.425,-0.117841,-183.256]
      ]
    },
    {
      "name": "britain_tent_1_rendinst",
      "tm": [
        [-0.0871554,0.0,-0.996195],
        [0.0,1.0,0.0],
        [0.996195,0.0,-0.0871554],
        [-725.838,-0.117841,-178.857]
      ]
    },
    {
      "name": "britain_tent_2_rendinst",
      "tm": [
        [0.173648,0.0,-0.984808],
        [0.0,1.0,0.0],
        [0.984808,0.0,0.173648],
        [-740.457,-0.117841,-199.566]
      ]
    },
    {
      "name": "britain_tent_2_rendinst",
      "tm": [
        [0.939693,0.0,-0.34202],
        [0.0,1.0,0.0],
        [0.34202,0.0,0.939693],
        [-724.525,-0.117841,-188.563]
      ]
    },
    {
      "name": "britain_army_tent_rendinst",
      "tm": [
        [-0.573576,0.0,-0.819152],
        [0.0,1.0,0.0],
        [0.819152,0.0,-0.573576],
        [-729.475,-0.117841,-168.377]
      ]
    },
    {
      "name": "britain_tent_2_rendinst",
      "tm": [
        [-0.965926,0.0,-0.258819],
        [0.0,1.0,0.0],
        [0.258819,0.0,-0.965926],
        [-759.28,-0.117841,-187.016]
      ]
    },
    {
      "name": "britain_tent_1_rendinst",
      "tm": [
        [-1.62921e-07,0.0,-1.0],
        [0.0,1.0,0.0],
        [1.0,0.0,-1.62921e-07],
        [-759.748,-0.117841,-179.486]
      ]
    },
    {
      "name": "britain_tent_1_rendinst",
      "tm": [
        [-0.819152,0.0,-0.573576],
        [0.0,1.0,0.0],
        [0.573576,0.0,-0.819152],
        [-732.221,-0.117841,-193.589]
      ]
    },
    {
      "name": "britain_tent_1_rendinst",
      "tm": [
        [0.573576,0.0,-0.819152],
        [0.0,1.0,0.0],
        [0.819152,0.0,0.573576],
        [-756.562,-0.117841,-194.039]
      ]
    },
    {
      "name": "britain_hangar_2_rendinst",
      "tm": [
        [-0.0274743,0.0,0.999623],
        [0.0,1.0,0.0],
        [-0.999623,0.0,-0.0274743],
        [91.249,-0.27308,-267.372]
      ]
    },
    {
      "name": "britain_hangar_2_rendinst",
      "tm": [
        [0.0314403,0.0,0.999506],
        [0.0,1.0,0.0],
        [-0.999506,0.0,0.0314403],
        [91.249,-0.27308,-236.424]
      ]
    },
    {
      "name": "britain_hangar_2_rendinst",
      "tm": [
        [-0.053967,0.0,0.998543],
        [0.0,1.0,0.0],
        [-0.998543,0.0,-0.053967],
        [72.9266,-0.27308,-267.372]
      ]
    },
    {
      "name": "britain_hangar_2_rendinst",
      "tm": [
        [1.19249e-08,0.0,1.0],
        [0.0,1.0,0.0],
        [-1.0,0.0,1.19249e-08],
        [72.9266,-0.27308,-236.424]
      ]
    },
    {
      "name": "britain_hangar_2_rendinst",
      "tm": [
        [-0.019284,0.0,0.999814],
        [0.0,1.0,0.0],
        [-0.999814,0.0,-0.019284],
        [72.9266,-0.27308,-206.499]
      ]
    },
    {
      "name": "britain_hangar_2_rendinst",
      "tm": [
        [1.19249e-08,0.0,1.0],
        [0.0,1.0,0.0],
        [-1.0,0.0,1.19249e-08],
        [54.2095,-0.27308,-267.372]
      ]
    },
    {
      "name": "britain_hangar_2_rendinst",
      "tm": [
        [0.0498622,0.0,0.998756],
        [0.0,1.0,0.0],
        [-0.998756,0.0,0.0498622],
        [54.2095,-0.27308,-236.424]
      ]
    },
    {
      "name": "britain_hangar_2_rendinst",
      "tm": [
        [1.19249e-08,0.0,1.0],
        [0.0,1.0,0.0],
        [-1.0,0.0,1.19249e-08],
        [54.2095,-0.27308,-206.499]
      ]
    },
    {
      "name": "britain_hangar_2_rendinst",
      "tm": [
        [1.19249e-08,0.0,1.0],
        [0.0,1.0,0.0],
        [-1.0,0.0,1.19249e-08],
        [35.4923,-0.27308,-267.372]
      ]
    },
    {
      "name": "britain_hangar_2_rendinst",
      "tm": [
        [1.19249e-08,0.0,1.0],
        [0.0,1.0,0.0],
        [-1.0,0.0,1.19249e-08],
        [35.4923,-0.27308,-236.424]
      ]
    },
    {
      "name": "britain_hangar_2_rendinst",
      "tm": [
        [0.422619,0.0,0.906308],
        [0.0,1.0,0.0],
        [-0.906308,0.0,0.422619],
        [-700.226,-0.140767,-217.761]
      ]
    },
    {
      "name": "britain_tech_building_2_rendinst",
      "tm": [
        [1.0,0.0,-1.74846e-07],
        [5.26265e-14,1.0,3.00989e-07],
        [1.74846e-07,-3.00989e-07,1.0],
        [326.358,-0.151296,-71.9229]
      ]
    },
    {
      "name": "britain_windvane_rendinst",
      "tm": [
        [-0.984269,0.0,0.176674],
        [0.0,1.0,0.0],
        [-0.176674,0.0,-0.984269],
        [-650.869,0.463725,185.983]
      ]
    },
    {
      "name": "britain_trailer_rendinst",
      "tm": [
        [7.54979e-08,0.0,1.0],
        [0.0,1.0,0.0],
        [-1.0,0.0,7.54979e-08],
        [-136.43,-0.424346,-193.982]
      ]
    },
    {
      "name": "britain_trailer_rendinst",
      "tm": [
        [-0.0140571,0.0,0.999901],
        [0.0,1.0,0.0],
        [-0.999901,0.0,-0.0140571],
        [-136.384,-0.424346,-185.622]
      ]
    },
    {
      "tm": [
        [4.0,0.0,0.0],
        [0.0,4.0,0.0],
        [0.0,0.0,4.0],
        [-750.6665,-0.0057495,143.546]
      ],
      "name": ">airfield_flight_light_green"
    },
    {
      "tm": [
        [4.0,0.0,0.0],
        [0.0,4.0,0.0],
        [0.0,0.0,4.0],
        [-750.6665,-0.0057495,92.32835]
      ],
      "name": ">airfield_flight_light_green"
    },
    {
      "tm": [
        [4.0,0.0,0.0],
        [0.0,4.0,0.0],
        [0.0,0.0,4.0],
        [-750.6665,-0.0057495,95.34113]
      ],
      "name": ">airfield_flight_light_green"
    },
    {
      "tm": [
        [4.0,0.0,0.0],
        [0.0,4.0,0.0],
        [0.0,0.0,4.0],
        [-750.6665,-0.0057495,98.35393]
      ],
      "name": ">airfield_flight_light_green"
    },
    {
      "tm": [
        [4.0,0.0,0.0],
        [0.0,4.0,0.0],
        [0.0,0.0,4.0],
        [-750.6665,-0.0057495,101.3667]
      ],
      "name": ">airfield_flight_light_green"
    },
    {
      "tm": [
        [4.0,0.0,0.0],
        [0.0,4.0,0.0],
        [0.0,0.0,4.0],
        [-750.6665,-0.0057495,104.3796]
      ],
      "name": ">airfield_flight_light_green"
    },
    {
      "tm": [
        [4.0,0.0,0.0],
        [0.0,4.0,0.0],
        [0.0,0.0,4.0],
        [-750.6665,-0.0057495,107.3923]
      ],
      "name": ">airfield_flight_light_green"
    },
    {
      "tm": [
        [4.0,0.0,0.0],
        [0.0,4.0,0.0],
        [0.0,0.0,4.0],
        [-750.6665,-0.0057495,110.4052]
      ],
      "name": ">airfield_flight_light_green"
    },
    {
      "tm": [
        [4.0,0.0,0.0],
        [0.0,4.0,0.0],
        [0.0,0.0,4.0],
        [-750.6665,-0.0057495,113.418]
      ],
      "name": ">airfield_flight_light_green"
    },
    {
      "tm": [
        [4.0,0.0,0.0],
        [0.0,4.0,0.0],
        [0.0,0.0,4.0],
        [-750.6665,-0.0057495,116.4308]
      ],
      "name": ">airfield_flight_light_green"
    },
    {
      "tm": [
        [4.0,0.0,0.0],
        [0.0,4.0,0.0],
        [0.0,0.0,4.0],
        [-750.6665,-0.0057495,119.4436]
      ],
      "name": ">airfield_flight_light_green"
    },
    {
      "tm": [
        [4.0,0.0,0.0],
        [0.0,4.0,0.0],
        [0.0,0.0,4.0],
        [-750.6665,-0.0057495,122.4564]
      ],
      "name": ">airfield_flight_light_green"
    },
    {
      "tm": [
        [4.0,0.0,0.0],
        [0.0,4.0,0.0],
        [0.0,0.0,4.0],
        [-750.6665,-0.0057495,125.4692]
      ],
      "name": ">airfield_flight_light_green"
    },
    {
      "tm": [
        [4.0,0.0,0.0],
        [0.0,4.0,0.0],
        [0.0,0.0,4.0],
        [-750.6665,-0.0057495,128.482]
      ],
      "name": ">airfield_flight_light_green"
    },
    {
      "tm": [
        [4.0,0.0,0.0],
        [0.0,4.0,0.0],
        [0.0,0.0,4.0],
        [-750.6665,-0.0057495,131.4948]
      ],
      "name": ">airfield_flight_light_green"
    },
    {
      "tm": [
        [4.0,0.0,0.0],
        [0.0,4.0,0.0],
        [0.0,0.0,4.0],
        [-750.6665,-0.0057495,134.5076]
      ],
      "name": ">airfield_flight_light_green"
    },
    {
      "tm": [
        [4.0,0.0,0.0],
        [0.0,4.0,0.0],
        [0.0,0.0,4.0],
        [-750.6665,-0.0057495,137.5204]
      ],
      "name": ">airfield_flight_light_green"
    },
    {
      "tm": [
        [4.0,0.0,0.0],
        [0.0,4.0,0.0],
        [0.0,0.0,4.0],
        [-750.6665,-0.0057495,140.5332]
      ],
      "name": ">airfield_flight_light_green"
    },
    {
      "tm": [
        [4.0,0.0,0.0],
        [0.0,4.0,0.0],
        [0.0,0.0,4.0],
        [-750.6665,-0.0057495,146.5588]
      ],
      "name": ">airfield_flight_light_green"
    },
    {
      "tm": [
        [4.0,0.0,0.0],
        [0.0,4.0,0.0],
        [0.0,0.0,4.0],
        [-750.6665,-0.0057495,149.5716]
      ],
      "name": ">airfield_flight_light_green"
    },
    {
      "tm": [
        [4.0,0.0,0.0],
        [0.0,4.0,0.0],
        [0.0,0.0,4.0],
        [-750.6665,-0.0057495,152.5844]
      ],
      "name": ">airfield_flight_light_green"
    },
    {
      "tm": [
        [4.0,0.0,0.0],
        [0.0,4.0,0.0],
        [0.0,0.0,4.0],
        [-750.6665,-0.0057495,155.5972]
      ],
      "name": ">airfield_flight_light_green"
    },
    {
      "tm": [
        [4.0,0.0,0.0],
        [0.0,4.0,0.0],
        [0.0,0.0,4.0],
        [-750.6665,-0.0057495,158.61]
      ],
      "name": ">airfield_flight_light_green"
    },
    {
      "tm": [
        [4.0,0.0,0.0],
        [0.0,4.0,0.0],
        [0.0,0.0,4.0],
        [-750.6665,-0.0057495,161.6228]
      ],
      "name": ">airfield_flight_light_green"
    },
    {
      "tm": [
        [4.0,0.0,0.0],
        [0.0,4.0,0.0],
        [0.0,0.0,4.0],
        [-750.6665,-0.0057495,164.6356]
      ],
      "name": ">airfield_flight_light_green"
    },
    {
      "tm": [
        [4.0,0.0,0.0],
        [0.0,4.0,0.0],
        [0.0,0.0,4.0],
        [-750.6665,-0.0057495,167.6484]
      ],
      "name": ">airfield_flight_light_green"
    },
    {
      "tm": [
        [4.0,0.0,0.0],
        [0.0,4.0,0.0],
        [0.0,0.0,4.0],
        [-804.9022,-0.0057495,113.4171]
      ],
      "name": ">airfield_flight_light_red"
    },
    {
      "tm": [
        [4.0,0.0,0.0],
        [0.0,4.0,0.0],
        [0.0,0.0,4.0],
        [-804.9022,-0.0057495,114.9235]
      ],
      "name": ">airfield_flight_light_red"
    },
    {
      "tm": [
        [4.0,0.0,0.0],
        [0.0,4.0,0.0],
        [0.0,0.0,4.0],
        [-804.9022,-0.0057495,116.4299]
      ],
      "name": ">airfield_flight_light_red"
    },
    {
      "tm": [
        [4.0,0.0,0.0],
        [0.0,4.0,0.0],
        [0.0,0.0,4.0],
        [-798.8767,-0.0057495,113.4171]
      ],
      "name": ">airfield_flight_light_red"
    },
    {
      "tm": [
        [4.0,0.0,0.0],
        [0.0,4.0,0.0],
        [0.0,0.0,4.0],
        [-798.8767,-0.0057495,114.9235]
      ],
      "name": ">airfield_flight_light_red"
    },
    {
      "tm": [
        [4.0,0.0,0.0],
        [0.0,4.0,0.0],
        [0.0,0.0,4.0],
        [-798.8767,-0.0057495,116.4299]
      ],
      "name": ">airfield_flight_light_red"
    },
    {
      "tm": [
        [4.0,0.0,0.0],
        [0.0,4.0,0.0],
        [0.0,0.0,4.0],
        [-792.8511,-0.0057495,113.4171]
      ],
      "name": ">airfield_flight_light_red"
    },
    {
      "tm": [
        [4.0,0.0,0.0],
        [0.0,4.0,0.0],
        [0.0,0.0,4.0],
        [-792.8511,-0.0057495,114.9235]
      ],
      "name": ">airfield_flight_light_red"
    },
    {
      "tm": [
        [4.0,0.0,0.0],
        [0.0,4.0,0.0],
        [0.0,0.0,4.0],
        [-792.8511,-0.0057495,116.4299]
      ],
      "name": ">airfield_flight_light_red"
    },
    {
      "tm": [
        [4.0,0.0,0.0],
        [0.0,4.0,0.0],
        [0.0,0.0,4.0],
        [-786.8254,-0.0057495,113.4171]
      ],
      "name": ">airfield_flight_light_red"
    },
    {
      "tm": [
        [4.0,0.0,0.0],
        [0.0,4.0,0.0],
        [0.0,0.0,4.0],
        [-786.8254,-0.0057495,114.9235]
      ],
      "name": ">airfield_flight_light_red"
    },
    {
      "tm": [
        [4.0,0.0,0.0],
        [0.0,4.0,0.0],
        [0.0,0.0,4.0],
        [-786.8254,-0.0057495,116.4299]
      ],
      "name": ">airfield_flight_light_red"
    },
    {
      "tm": [
        [4.0,0.0,0.0],
        [0.0,4.0,0.0],
        [0.0,0.0,4.0],
        [-780.7998,-0.0057495,113.4171]
      ],
      "name": ">airfield_flight_light_red"
    },
    {
      "tm": [
        [4.0,0.0,0.0],
        [0.0,4.0,0.0],
        [0.0,0.0,4.0],
        [-780.7998,-0.0057495,114.9235]
      ],
      "name": ">airfield_flight_light_red"
    },
    {
      "tm": [
        [4.0,0.0,0.0],
        [0.0,4.0,0.0],
        [0.0,0.0,4.0],
        [-780.7998,-0.0057495,116.4299]
      ],
      "name": ">airfield_flight_light_red"
    },
    {
      "tm": [
        [4.0,0.0,0.0],
        [0.0,4.0,0.0],
        [0.0,0.0,4.0],
        [-774.7742,-0.0057495,113.4171]
      ],
      "name": ">airfield_flight_light_red"
    },
    {
      "tm": [
        [4.0,0.0,0.0],
        [0.0,4.0,0.0],
        [0.0,0.0,4.0],
        [-774.7742,-0.0057495,114.9235]
      ],
      "name": ">airfield_flight_light_red"
    },
    {
      "tm": [
        [4.0,0.0,0.0],
        [0.0,4.0,0.0],
        [0.0,0.0,4.0],
        [-774.7742,-0.0057495,116.4299]
      ],
      "name": ">airfield_flight_light_red"
    },
    {
      "tm": [
        [4.0,0.0,0.0],
        [0.0,4.0,0.0],
        [0.0,0.0,4.0],
        [-768.7485,-0.0057495,113.4171]
      ],
      "name": ">airfield_flight_light_red"
    },
    {
      "tm": [
        [4.0,0.0,0.0],
        [0.0,4.0,0.0],
        [0.0,0.0,4.0],
        [-768.7485,-0.0057495,114.9235]
      ],
      "name": ">airfield_flight_light_red"
    },
    {
      "tm": [
        [4.0,0.0,0.0],
        [0.0,4.0,0.0],
        [0.0,0.0,4.0],
        [-768.7485,-0.0057495,116.4299]
      ],
      "name": ">airfield_flight_light_red"
    },
    {
      "tm": [
        [4.0,0.0,0.0],
        [0.0,4.0,0.0],
        [0.0,0.0,4.0],
        [-762.723,-0.0057495,113.4171]
      ],
      "name": ">airfield_flight_light_red"
    },
    {
      "tm": [
        [4.0,0.0,0.0],
        [0.0,4.0,0.0],
        [0.0,0.0,4.0],
        [-762.723,-0.0057495,114.9235]
      ],
      "name": ">airfield_flight_light_red"
    },
    {
      "tm": [
        [4.0,0.0,0.0],
        [0.0,4.0,0.0],
        [0.0,0.0,4.0],
        [-762.723,-0.0057495,116.4299]
      ],
      "name": ">airfield_flight_light_red"
    },
    {
      "tm": [
        [4.0,0.0,0.0],
        [0.0,4.0,0.0],
        [0.0,0.0,4.0],
        [-756.6974,-0.0057495,113.4171]
      ],
      "name": ">airfield_flight_light_red"
    },
    {
      "tm": [
        [4.0,0.0,0.0],
        [0.0,4.0,0.0],
        [0.0,0.0,4.0],
        [-756.6974,-0.0057495,114.9235]
      ],
      "name": ">airfield_flight_light_red"
    },
    {
      "tm": [
        [4.0,0.0,0.0],
        [0.0,4.0,0.0],
        [0.0,0.0,4.0],
        [-756.6974,-0.0057495,116.4299]
      ],
      "name": ">airfield_flight_light_red"
    },
    {
      "tm": [
        [4.0,0.0,0.0],
        [0.0,4.0,0.0],
        [0.0,0.0,4.0],
        [-804.9022,-0.0057495,143.5433]
      ],
      "name": ">airfield_flight_light_red"
    },
    {
      "tm": [
        [4.0,0.0,0.0],
        [0.0,4.0,0.0],
        [0.0,0.0,4.0],
        [-804.9022,-0.0057495,145.0497]
      ],
      "name": ">airfield_flight_light_red"
    },
    {
      "tm": [
        [4.0,0.0,0.0],
        [0.0,4.0,0.0],
        [0.0,0.0,4.0],
        [-804.9022,-0.0057495,146.5561]
      ],
      "name": ">airfield_flight_light_red"
    },
    {
      "tm": [
        [4.0,0.0,0.0],
        [0.0,4.0,0.0],
        [0.0,0.0,4.0],
        [-798.8767,-0.0057495,143.5433]
      ],
      "name": ">airfield_flight_light_red"
    },
    {
      "tm": [
        [4.0,0.0,0.0],
        [0.0,4.0,0.0],
        [0.0,0.0,4.0],
        [-798.8767,-0.0057495,145.0497]
      ],
      "name": ">airfield_flight_light_red"
    },
    {
      "tm": [
        [4.0,0.0,0.0],
        [0.0,4.0,0.0],
        [0.0,0.0,4.0],
        [-798.8767,-0.0057495,146.5561]
      ],
      "name": ">airfield_flight_light_red"
    },
    {
      "tm": [
        [4.0,0.0,0.0],
        [0.0,4.0,0.0],
        [0.0,0.0,4.0],
        [-792.8511,-0.0057495,143.5433]
      ],
      "name": ">airfield_flight_light_red"
    },
    {
      "tm": [
        [4.0,0.0,0.0],
        [0.0,4.0,0.0],
        [0.0,0.0,4.0],
        [-792.8511,-0.0057495,145.0497]
      ],
      "name": ">airfield_flight_light_red"
    },
    {
      "tm": [
        [4.0,0.0,0.0],
        [0.0,4.0,0.0],
        [0.0,0.0,4.0],
        [-792.8511,-0.0057495,146.5561]
      ],
      "name": ">airfield_flight_light_red"
    },
    {
      "tm": [
        [4.0,0.0,0.0],
        [0.0,4.0,0.0],
        [0.0,0.0,4.0],
        [-786.8254,-0.0057495,143.5433]
      ],
      "name": ">airfield_flight_light_red"
    },
    {
      "tm": [
        [4.0,0.0,0.0],
        [0.0,4.0,0.0],
        [0.0,0.0,4.0],
        [-786.8254,-0.0057495,145.0497]
      ],
      "name": ">airfield_flight_light_red"
    },
    {
      "tm": [
        [4.0,0.0,0.0],
        [0.0,4.0,0.0],
        [0.0,0.0,4.0],
        [-786.8254,-0.0057495,146.5561]
      ],
      "name": ">airfield_flight_light_red"
    },
    {
      "tm": [
        [4.0,0.0,0.0],
        [0.0,4.0,0.0],
        [0.0,0.0,4.0],
        [-780.7998,-0.0057495,143.5433]
      ],
      "name": ">airfield_flight_light_red"
    },
    {
      "tm": [
        [4.0,0.0,0.0],
        [0.0,4.0,0.0],
        [0.0,0.0,4.0],
        [-780.7998,-0.0057495,145.0497]
      ],
      "name": ">airfield_flight_light_red"
    },
    {
      "tm": [
        [4.0,0.0,0.0],
        [0.0,4.0,0.0],
        [0.0,0.0,4.0],
        [-780.7998,-0.0057495,146.5561]
      ],
      "name": ">airfield_flight_light_red"
    },
    {
      "tm": [
        [4.0,0.0,0.0],
        [0.0,4.0,0.0],
        [0.0,0.0,4.0],
        [-774.7742,-0.0057495,143.5433]
      ],
      "name": ">airfield_flight_light_red"
    },
    {
      "tm": [
        [4.0,0.0,0.0],
        [0.0,4.0,0.0],
        [0.0,0.0,4.0],
        [-774.7742,-0.0057495,145.0497]
      ],
      "name": ">airfield_flight_light_red"
    },
    {
      "tm": [
        [4.0,0.0,0.0],
        [0.0,4.0,0.0],
        [0.0,0.0,4.0],
        [-774.7742,-0.0057495,146.5561]
      ],
      "name": ">airfield_flight_light_red"
    },
    {
      "tm": [
        [4.0,0.0,0.0],
        [0.0,4.0,0.0],
        [0.0,0.0,4.0],
        [-768.7485,-0.0057495,143.5433]
      ],
      "name": ">airfield_flight_light_red"
    },
    {
      "tm": [
        [4.0,0.0,0.0],
        [0.0,4.0,0.0],
        [0.0,0.0,4.0],
        [-768.7485,-0.0057495,145.0497]
      ],
      "name": ">airfield_flight_light_red"
    },
    {
      "tm": [
        [4.0,0.0,0.0],
        [0.0,4.0,0.0],
        [0.0,0.0,4.0],
        [-768.7485,-0.0057495,146.5561]
      ],
      "name": ">airfield_flight_light_red"
    },
    {
      "tm": [
        [4.0,0.0,0.0],
        [0.0,4.0,0.0],
        [0.0,0.0,4.0],
        [-762.723,-0.0057495,143.5433]
      ],
      "name": ">airfield_flight_light_red"
    },
    {
      "tm": [
        [4.0,0.0,0.0],
        [0.0,4.0,0.0],
        [0.0,0.0,4.0],
        [-762.723,-0.0057495,145.0497]
      ],
      "name": ">airfield_flight_light_red"
    },
    {
      "tm": [
        [4.0,0.0,0.0],
        [0.0,4.0,0.0],
        [0.0,0.0,4.0],
        [-762.723,-0.0057495,146.5561]
      ],
      "name": ">airfield_flight_light_red"
    },
    {
      "tm": [
        [4.0,0.0,0.0],
        [0.0,4.0,0.0],
        [0.0,0.0,4.0],
        [-756.6974,-0.0057495,143.5433]
      ],
      "name": ">airfield_flight_light_red"
    },
    {
      "tm": [
        [4.0,0.0,0.0],
        [0.0,4.0,0.0],
        [0.0,0.0,4.0],
        [-756.6974,-0.0057495,145.0497]
      ],
      "name": ">airfield_flight_light_red"
    },
    {
      "tm": [
        [4.0,0.0,0.0],
        [0.0,4.0,0.0],
        [0.0,0.0,4.0],
        [-756.6974,-0.0057495,146.5561]
      ],
      "name": ">airfield_flight_light_red"
    },
    {
      "tm": [
        [4.0,0.0,0.0],
        [0.0,4.0,0.0],
        [0.0,0.0,4.0],
        [-810.9287,-0.0057495,111.902]
      ],
      "name": ">airfield_flight_light_yellow"
    },
    {
      "tm": [
        [4.0,0.0,0.0],
        [0.0,4.0,0.0],
        [0.0,0.0,4.0],
        [-810.9287,-0.0057495,113.4084]
      ],
      "name": ">airfield_flight_light_yellow"
    },
    {
      "tm": [
        [4.0,0.0,0.0],
        [0.0,4.0,0.0],
        [0.0,0.0,4.0],
        [-810.9287,-0.0057495,114.9148]
      ],
      "name": ">airfield_flight_light_yellow"
    },
    {
      "tm": [
        [4.0,0.0,0.0],
        [0.0,4.0,0.0],
        [0.0,0.0,4.0],
        [-810.9287,-0.0057495,116.4212]
      ],
      "name": ">airfield_flight_light_yellow"
    },
    {
      "tm": [
        [4.0,0.0,0.0],
        [0.0,4.0,0.0],
        [0.0,0.0,4.0],
        [-810.9287,-0.0057495,117.9283]
      ],
      "name": ">airfield_flight_light_yellow"
    },
    {
      "tm": [
        [4.0,0.0,0.0],
        [0.0,4.0,0.0],
        [0.0,0.0,4.0],
        [-810.9287,-0.0057495,119.4347]
      ],
      "name": ">airfield_flight_light_yellow"
    },
    {
      "tm": [
        [4.0,0.0,0.0],
        [0.0,4.0,0.0],
        [0.0,0.0,4.0],
        [-810.9287,-0.0057495,120.9411]
      ],
      "name": ">airfield_flight_light_yellow"
    },
    {
      "tm": [
        [4.0,0.0,0.0],
        [0.0,4.0,0.0],
        [0.0,0.0,4.0],
        [-810.9287,-0.0057495,122.4475]
      ],
      "name": ">airfield_flight_light_yellow"
    },
    {
      "tm": [
        [4.0,0.0,0.0],
        [0.0,4.0,0.0],
